0
0
0
0
0
0
0
0
0
0
0
0
0
0
0
0
0
0
0
0
0
0
0
0
0
70.1686 3101.47 -777.003 1002 0.931695 -0.353277 -0.0844945 0.156377 0.60005 -0.784529 0.327857 0.717729 0.614308 
70.1775 3101.47 -777.003 1002 0.931695 -0.353277 -0.0844945 0.156377 0.60005 -0.784529 0.327857 0.717729 0.614308 
70.1866 3101.47 -777.003 1002 0.931695 -0.353277 -0.0844945 0.156377 0.60005 -0.784529 0.327857 0.717729 0.614308 
70.196 3101.47 -777.003 1002 0.931695 -0.353277 -0.0844945 0.156377 0.60005 -0.784529 0.327857 0.717729 0.614308 
70.2055 3101.47 -777.003 1002 0.931695 -0.353277 -0.0844945 0.156377 0.60005 -0.784529 0.327857 0.717729 0.614308 
70.2152 3101.47 -777.003 1002 0.931695 -0.353277 -0.0844945 0.156377 0.60005 -0.784529 0.327857 0.717729 0.614308 
70.2251 3101.47 -777.003 1002 0.931695 -0.353277 -0.0844945 0.156377 0.60005 -0.784529 0.327857 0.717729 0.614308 
70.2352 3101.47 -777.003 1002 0.931695 -0.353277 -0.0844945 0.156377 0.60005 -0.784529 0.327857 0.717729 0.614308 
70.2455 3101.47 -777.003 1002 0.931695 -0.353277 -0.0844945 0.156377 0.60005 -0.784529 0.327857 0.717729 0.614308 
70.2559 3101.47 -777.003 1002 0.931695 -0.353277 -0.0844945 0.156377 0.60005 -0.784529 0.327857 0.717729 0.614308 
70.2665 3101.47 -777.003 1002 0.931695 -0.353277 -0.0844945 0.156377 0.60005 -0.784529 0.327857 0.717729 0.614308 
70.2772 3101.47 -777.003 1002 0.931695 -0.353277 -0.0844945 0.156377 0.60005 -0.784529 0.327857 0.717729 0.614308 
70.2881 3101.47 -777.003 1002 0.931695 -0.353277 -0.0844945 0.156377 0.60005 -0.784529 0.327857 0.717729 0.614308 
70.299 3101.47 -777.003 1002 0.931695 -0.353277 -0.0844945 0.156377 0.60005 -0.784529 0.327857 0.717729 0.614308 
70.3101 3101.47 -777.003 1002 0.931695 -0.353277 -0.0844945 0.156377 0.60005 -0.784529 0.327857 0.717729 0.614308 
70.3213 3101.47 -777.003 1002 0.931695 -0.353277 -0.0844945 0.156377 0.60005 -0.784529 0.327857 0.717729 0.614308 
70.3326 3101.47 -777.003 1002 0.931695 -0.353277 -0.0844945 0.156377 0.60005 -0.784529 0.327857 0.717729 0.614308 
70.344 3101.47 -777.003 1002 0.931695 -0.353277 -0.0844945 0.156377 0.60005 -0.784529 0.327857 0.717729 0.614308 
70.3554 3101.47 -777.003 1002 0.931695 -0.353277 -0.0844945 0.156377 0.60005 -0.784529 0.327857 0.717729 0.614308 
70.3669 3101.47 -777.003 1002 0.931695 -0.353277 -0.0844945 0.156377 0.60005 -0.784529 0.327857 0.717729 0.614308 
70.3785 3101.47 -777.003 1002 0.931695 -0.353277 -0.0844945 0.156377 0.60005 -0.784529 0.327857 0.717729 0.614308 
70.3901 3101.47 -777.003 1002 0.931695 -0.353277 -0.0844945 0.156377 0.60005 -0.784529 0.327857 0.717729 0.614308 
70.4018 3101.47 -777.003 1002 0.931695 -0.353277 -0.0844945 0.156377 0.60005 -0.784529 0.327857 0.717729 0.614308 
70.4135 3101.47 -777.003 1002 0.931695 -0.353277 -0.0844945 0.156377 0.60005 -0.784529 0.327857 0.717729 0.614308 
70.4252 3101.47 -777.003 1002 0.931695 -0.353277 -0.0844945 0.156377 0.60005 -0.784529 0.327857 0.717729 0.614308 
70.4369 3101.47 -777.003 1002 0.931695 -0.353277 -0.0844945 0.156377 0.60005 -0.784529 0.327857 0.717729 0.614308 
70.4486 3101.47 -777.003 1002 0.931695 -0.353277 -0.0844945 0.156377 0.60005 -0.784529 0.327857 0.717729 0.614308 
70.4603 3101.47 -777.003 1002 0.931695 -0.353277 -0.0844945 0.156377 0.60005 -0.784529 0.327857 0.717729 0.614308 
70.472 3101.47 -777.003 1002 0.931695 -0.353277 -0.0844945 0.156377 0.60005 -0.784529 0.327857 0.717729 0.614308 
70.4837 3101.47 -777.003 1002 0.931695 -0.353277 -0.0844945 0.156377 0.60005 -0.784529 0.327857 0.717729 0.614308 
70.4953 3101.47 -777.003 1002 0.931695 -0.353277 -0.0844945 0.156377 0.60005 -0.784529 0.327857 0.717729 0.614308 
70.5069 3101.47 -777.003 1002 0.931695 -0.353277 -0.0844945 0.156377 0.60005 -0.784529 0.327857 0.717729 0.614308 
70.5184 3101.47 -777.003 1002 0.931695 -0.353277 -0.0844945 0.156377 0.60005 -0.784529 0.327857 0.717729 0.614308 
70.5299 3101.47 -777.003 1002 0.931695 -0.353277 -0.0844945 0.156377 0.60005 -0.784529 0.327857 0.717729 0.614308 
70.5413 3101.47 -777.003 1002 0.931695 -0.353277 -0.0844945 0.156377 0.60005 -0.784529 0.327857 0.717729 0.614308 
70.5526 3101.47 -777.003 1002 0.931695 -0.353277 -0.0844945 0.156377 0.60005 -0.784529 0.327857 0.717729 0.614308 
70.5638 3101.47 -777.003 1002 0.931695 -0.353277 -0.0844945 0.156377 0.60005 -0.784529 0.327857 0.717729 0.614308 
70.5749 3101.47 -777.003 1002 0.931695 -0.353277 -0.0844945 0.156377 0.60005 -0.784529 0.327857 0.717729 0.614308 
70.5859 3101.47 -777.003 1002 0.931695 -0.353277 -0.0844945 0.156377 0.60005 -0.784529 0.327857 0.717729 0.614308 
70.5968 3101.47 -777.003 1002 0.931695 -0.353277 -0.0844945 0.156377 0.60005 -0.784529 0.327857 0.717729 0.614308 
70.6075 3101.47 -777.003 1002 0.931695 -0.353277 -0.0844945 0.156377 0.60005 -0.784529 0.327857 0.717729 0.614308 
70.6181 3101.47 -777.003 1002 0.931695 -0.353277 -0.0844945 0.156377 0.60005 -0.784529 0.327857 0.717729 0.614308 
70.6286 3101.47 -777.003 1002 0.931695 -0.353277 -0.0844945 0.156377 0.60005 -0.784529 0.327857 0.717729 0.614308 
70.6389 3101.47 -777.003 1002 0.931695 -0.353277 -0.0844945 0.156377 0.60005 -0.784529 0.327857 0.717729 0.614308 
70.649 3101.47 -777.003 1002 0.931695 -0.353277 -0.0844945 0.156377 0.60005 -0.784529 0.327857 0.717729 0.614308 
70.659 3101.47 -777.003 1002 0.931695 -0.353277 -0.0844945 0.156377 0.60005 -0.784529 0.327857 0.717729 0.614308 
70.6687 3101.47 -777.003 1002 0.931695 -0.353277 -0.0844945 0.156377 0.60005 -0.784529 0.327857 0.717729 0.614308 
70.6783 3101.47 -777.003 1002 0.931695 -0.353277 -0.0844945 0.156377 0.60005 -0.784529 0.327857 0.717729 0.614308 
70.6877 3101.47 -777.003 1002 0.931695 -0.353277 -0.0844945 0.156377 0.60005 -0.784529 0.327857 0.717729 0.614308 
70.6968 3101.47 -777.003 1002 0.931695 -0.353277 -0.0844945 0.156377 0.60005 -0.784529 0.327857 0.717729 0.614308 
70.7058 3101.47 -777.003 1002 0.931695 -0.353277 -0.0844945 0.156377 0.60005 -0.784529 0.327857 0.717729 0.614308 
70.7145 3101.47 -777.003 1002 0.931695 -0.353277 -0.0844945 0.156377 0.60005 -0.784529 0.327857 0.717729 0.614308 
70.7229 3101.47 -777.003 1002 0.931695 -0.353277 -0.0844945 0.156377 0.60005 -0.784529 0.327857 0.717729 0.614308 
70.7311 3101.47 -777.003 1002 0.931695 -0.353277 -0.0844945 0.156377 0.60005 -0.784529 0.327857 0.717729 0.614308 
70.739 3101.47 -777.003 1002 0.931695 -0.353277 -0.0844945 0.156377 0.60005 -0.784529 0.327857 0.717729 0.614308 
70.7467 3101.47 -777.003 1002 0.931695 -0.353277 -0.0844945 0.156377 0.60005 -0.784529 0.327857 0.717729 0.614308 
70.7541 3101.47 -777.003 1002 0.931695 -0.353277 -0.0844945 0.156377 0.60005 -0.784529 0.327857 0.717729 0.614308 
70.7612 3101.47 -777.003 1002 0.931695 -0.353277 -0.0844945 0.156377 0.60005 -0.784529 0.327857 0.717729 0.614308 
70.7679 3101.47 -777.003 1002 0.931695 -0.353277 -0.0844945 0.156377 0.60005 -0.784529 0.327857 0.717729 0.614308 
70.7744 3101.47 -777.003 1002 0.931695 -0.353277 -0.0844945 0.156377 0.60005 -0.784529 0.327857 0.717729 0.614308 
70.7806 3101.47 -777.003 1002 0.931695 -0.353277 -0.0844945 0.156377 0.60005 -0.784529 0.327857 0.717729 0.614308 
70.7864 3101.47 -777.003 1002 0.931695 -0.353277 -0.0844945 0.156377 0.60005 -0.784529 0.327857 0.717729 0.614308 
70.7919 3101.47 -777.003 1002 0.931695 -0.353277 -0.0844945 0.156377 0.60005 -0.784529 0.327857 0.717729 0.614308 
70.797 3101.47 -777.003 1002 0.931695 -0.353277 -0.0844945 0.156377 0.60005 -0.784529 0.327857 0.717729 0.614308 
70.8018 3101.47 -777.003 1002 0.931695 -0.353277 -0.0844945 0.156377 0.60005 -0.784529 0.327857 0.717729 0.614308 
70.8062 3101.47 -777.003 1002 0.931695 -0.353277 -0.0844945 0.156377 0.60005 -0.784529 0.327857 0.717729 0.614308 
70.8103 3101.47 -777.003 1002 0.931695 -0.353277 -0.0844945 0.156377 0.60005 -0.784529 0.327857 0.717729 0.614308 
70.8139 3101.47 -777.003 1002 0.931695 -0.353277 -0.0844945 0.156377 0.60005 -0.784529 0.327857 0.717729 0.614308 
70.8172 3101.47 -777.003 1002 0.931695 -0.353277 -0.0844945 0.156377 0.60005 -0.784529 0.327857 0.717729 0.614308 
70.8201 3101.47 -777.003 1002 0.931695 -0.353277 -0.0844945 0.156377 0.60005 -0.784529 0.327857 0.717729 0.614308 
70.8225 3101.47 -777.003 1002 0.931695 -0.353277 -0.0844945 0.156377 0.60005 -0.784529 0.327857 0.717729 0.614308 
70.8245 3101.47 -777.003 1002 0.931695 -0.353277 -0.0844945 0.156377 0.60005 -0.784529 0.327857 0.717729 0.614308 
70.8261 3101.47 -777.003 1002 0.931695 -0.353277 -0.0844945 0.156377 0.60005 -0.784529 0.327857 0.717729 0.614308 
70.8273 3101.47 -777.003 1002 0.931695 -0.353277 -0.0844945 0.156377 0.60005 -0.784529 0.327857 0.717729 0.614308 
70.828 3101.47 -777.003 1002 0.931695 -0.353277 -0.0844945 0.156377 0.60005 -0.784529 0.327857 0.717729 0.614308 
70.8282 3101.47 -777.003 1002 0.931695 -0.353277 -0.0844945 0.156377 0.60005 -0.784529 0.327857 0.717729 0.614308 
70.8282 3101.47 -777.003 1002 0.931695 -0.353277 -0.0844945 0.156377 0.60005 -0.784529 0.327857 0.717729 0.614308 
70.8282 3101.47 -777.003 1002 0.931695 -0.353277 -0.0844945 0.156377 0.60005 -0.784529 0.327857 0.717729 0.614308 
70.8282 3101.47 -777.003 1002 0.931695 -0.353277 -0.0844945 0.156377 0.60005 -0.784529 0.327857 0.717729 0.614308 
70.8282 3101.47 -777.003 1002 0.931695 -0.353277 -0.0844945 0.156377 0.60005 -0.784529 0.327857 0.717729 0.614308 
70.8282 3101.47 -777.003 1002 0.931695 -0.353277 -0.0844945 0.156377 0.60005 -0.784529 0.327857 0.717729 0.614308 
70.8282 3101.47 -777.003 1002 0.931695 -0.353277 -0.0844945 0.156377 0.60005 -0.784529 0.327857 0.717729 0.614308 
70.8282 3101.47 -777.003 1002 0.931695 -0.353277 -0.0844945 0.156377 0.60005 -0.784529 0.327857 0.717729 0.614308 
70.8282 3101.47 -777.003 1002 0.931695 -0.353277 -0.0844945 0.156377 0.60005 -0.784529 0.327857 0.717729 0.614308 
70.8282 3101.47 -777.003 1002 0.931695 -0.353277 -0.0844945 0.156377 0.60005 -0.784529 0.327857 0.717729 0.614308 
70.8282 3101.47 -777.003 1002 0.931695 -0.353277 -0.0844945 0.156377 0.60005 -0.784529 0.327857 0.717729 0.614308 
70.8282 3101.47 -777.003 1002 0.931695 -0.353277 -0.0844945 0.156377 0.60005 -0.784529 0.327857 0.717729 0.614308 
70.8265 3101.47 -777.003 1002 0.931695 -0.353277 -0.0844945 0.156377 0.60005 -0.784529 0.327857 0.717729 0.614308 
70.8248 3101.47 -777.003 1002 0.931695 -0.353277 -0.0844945 0.156377 0.60005 -0.784529 0.327857 0.717729 0.614308 
70.8214 3101.47 -777.003 1002 0.931695 -0.353277 -0.0844945 0.156377 0.60005 -0.784529 0.327857 0.717729 0.614308 
70.8145 3101.47 -777.003 1002 0.931695 -0.353277 -0.0844945 0.156377 0.60005 -0.784529 0.327857 0.717729 0.614308 
70.8043 3101.47 -777.003 1002 0.931695 -0.353277 -0.0844945 0.156377 0.60005 -0.784529 0.327857 0.717729 0.614308 
70.7906 3101.47 -777.003 1002 0.931695 -0.353277 -0.0844945 0.156377 0.60005 -0.784529 0.327857 0.717729 0.614308 
70.7719 3101.47 -777.003 1002 0.931695 -0.353277 -0.0844945 0.156377 0.60005 -0.784529 0.327857 0.717729 0.614308 
70.748 3101.47 -777.003 1002 0.931695 -0.353277 -0.0844945 0.156377 0.60005 -0.784529 0.327857 0.717729 0.614308 
70.7174 3101.47 -777.003 1002 0.931695 -0.353277 -0.0844945 0.156377 0.60005 -0.784529 0.327857 0.717729 0.614308 
70.6816 3101.47 -777.003 1002 0.931695 -0.353277 -0.0844945 0.156377 0.60005 -0.784529 0.327857 0.717729 0.614308 
70.6375 3101.47 -777.003 1002 0.931695 -0.353277 -0.0844945 0.156377 0.60005 -0.784529 0.327857 0.717729 0.614308 
70.5866 3101.47 -777.003 1002 0.931695 -0.353277 -0.0844945 0.156377 0.60005 -0.784529 0.327857 0.717729 0.614308 
70.5274 3101.47 -777.003 1002 0.931695 -0.353277 -0.0844945 0.156377 0.60005 -0.784529 0.327857 0.717729 0.614308 
70.4583 3101.47 -777.003 1002 0.931695 -0.353277 -0.0844945 0.156377 0.60005 -0.784529 0.327857 0.717729 0.614308 
70.3809 3101.47 -777.003 1002 0.931695 -0.353277 -0.0844945 0.156377 0.60005 -0.784529 0.327857 0.717729 0.614308 
70.2937 3101.47 -777.003 1002 0.931695 -0.353277 -0.0844945 0.156377 0.60005 -0.784529 0.327857 0.717729 0.614308 
70.1951 3101.47 -777.003 1002 0.931695 -0.353277 -0.0844945 0.156377 0.60005 -0.784529 0.327857 0.717729 0.614308 
70.0869 3101.47 -777.003 1002 0.931695 -0.353277 -0.0844945 0.156377 0.60005 -0.784529 0.327857 0.717729 0.614308 
69.9676 3101.47 -777.003 1002 0.931695 -0.353277 -0.0844945 0.156377 0.60005 -0.784529 0.327857 0.717729 0.614308 
69.8358 3101.47 -777.003 1002 0.931695 -0.353277 -0.0844945 0.156377 0.60005 -0.784529 0.327857 0.717729 0.614308 
69.6916 3101.47 -777.003 1002 0.931695 -0.353277 -0.0844945 0.156377 0.60005 -0.784529 0.327857 0.717729 0.614308 
69.5353 3101.47 -777.003 1002 0.931695 -0.353277 -0.0844945 0.156377 0.60005 -0.784529 0.327857 0.717729 0.614308 
69.3656 3101.47 -777.003 1002 0.931695 -0.353277 -0.0844945 0.156377 0.60005 -0.784529 0.327857 0.717729 0.614308 
69.1844 3101.47 -777.003 1002 0.931695 -0.353277 -0.0844945 0.156377 0.60005 -0.784529 0.327857 0.717729 0.614308 
68.989 3101.47 -777.003 1002 0.931695 -0.353277 -0.0844945 0.156377 0.60005 -0.784529 0.327857 0.717729 0.614308 
68.781 3101.47 -777.003 1002 0.931695 -0.353277 -0.0844945 0.156377 0.60005 -0.784529 0.327857 0.717729 0.614308 
68.5596 3101.47 -777.003 1002 0.931695 -0.353277 -0.0844945 0.156377 0.60005 -0.784529 0.327857 0.717729 0.614308 
68.3237 3101.47 -777.003 1002 0.931695 -0.353277 -0.0844945 0.156377 0.60005 -0.784529 0.327857 0.717729 0.614308 
68.0756 3101.47 -777.003 1002 0.931695 -0.353277 -0.0844945 0.156377 0.60005 -0.784529 0.327857 0.717729 0.614308 
67.8144 3101.47 -777.003 1002 0.931695 -0.353277 -0.0844945 0.156377 0.60005 -0.784529 0.327857 0.717729 0.614308 
67.5406 3101.47 -777.003 1002 0.931695 -0.353277 -0.0844945 0.156377 0.60005 -0.784529 0.327857 0.717729 0.614308 
67.254 3101.47 -777.003 1002 0.931695 -0.353277 -0.0844945 0.156377 0.60005 -0.784529 0.327857 0.717729 0.614308 
66.9565 3101.47 -777.003 1002 0.931695 -0.353277 -0.0844945 0.156377 0.60005 -0.784529 0.327857 0.717729 0.614308 
66.6466 3101.47 -777.003 1002 0.931695 -0.353277 -0.0844945 0.156377 0.60005 -0.784529 0.327857 0.717729 0.614308 
66.3252 3101.47 -777.003 1002 0.931695 -0.353277 -0.0844945 0.156377 0.60005 -0.784529 0.327857 0.717729 0.614308 
65.9953 3101.47 -777.003 1002 0.931695 -0.353277 -0.0844945 0.156377 0.60005 -0.784529 0.327857 0.717729 0.614308 
65.6554 3101.47 -777.003 1002 0.931695 -0.353277 -0.0844945 0.156377 0.60005 -0.784529 0.327857 0.717729 0.614308 
65.3084 3101.47 -777.003 1002 0.931695 -0.353277 -0.0844945 0.156377 0.60005 -0.784529 0.327857 0.717729 0.614308 
64.9547 3101.47 -777.003 1002 0.931695 -0.353277 -0.0844945 0.156377 0.60005 -0.784529 0.327857 0.717729 0.614308 
64.5961 3101.47 -777.003 1002 0.931695 -0.353277 -0.0844945 0.156377 0.60005 -0.784529 0.327857 0.717729 0.614308 
64.2338 3101.47 -777.003 1002 0.931695 -0.353277 -0.0844945 0.156377 0.60005 -0.784529 0.327857 0.717729 0.614308 
63.8706 3101.47 -777.003 1002 0.931695 -0.353277 -0.0844945 0.156377 0.60005 -0.784529 0.327857 0.717729 0.614308 
63.5073 3101.47 -777.003 1002 0.931695 -0.353277 -0.0844945 0.156377 0.60005 -0.784529 0.327857 0.717729 0.614308 
63.1483 3101.47 -777.003 1002 0.931695 -0.353277 -0.0844945 0.156377 0.60005 -0.784529 0.327857 0.717729 0.614308 
62.7936 3101.47 -777.003 1002 0.931695 -0.353277 -0.0844945 0.156377 0.60005 -0.784529 0.327857 0.717729 0.614308 
62.4475 3101.47 -777.003 1002 0.931695 -0.353277 -0.0844945 0.156377 0.60005 -0.784529 0.327857 0.717729 0.614308 
62.113 3101.47 -777.003 1002 0.931695 -0.353277 -0.0844945 0.156377 0.60005 -0.784529 0.327857 0.717729 0.614308 
61.794 3101.47 -777.003 1002 0.931695 -0.353277 -0.0844945 0.156377 0.60005 -0.784529 0.327857 0.717729 0.614308 
61.4937 3101.47 -777.003 1002 0.931695 -0.353277 -0.0844945 0.156377 0.60005 -0.784529 0.327857 0.717729 0.614308 
61.2151 3101.47 -777.003 1002 0.931695 -0.353277 -0.0844945 0.156377 0.60005 -0.784529 0.327857 0.717729 0.614308 
60.9639 3101.47 -777.003 1002 0.931695 -0.353277 -0.0844945 0.156377 0.60005 -0.784529 0.327857 0.717729 0.614308 
60.7443 3101.47 -777.003 1002 0.931695 -0.353277 -0.0844945 0.156377 0.60005 -0.784529 0.327857 0.717729 0.614308 
60.5607 3101.47 -777.003 1002 0.931695 -0.353277 -0.0844945 0.156377 0.60005 -0.784529 0.327857 0.717729 0.614308 
60.4191 3101.47 -777.003 1002 0.931695 -0.353277 -0.0844945 0.156377 0.60005 -0.784529 0.327857 0.717729 0.614308 
60.3239 3101.47 -777.003 1002 0.931695 -0.353277 -0.0844945 0.156377 0.60005 -0.784529 0.327857 0.717729 0.614308 
60.2816 3101.47 -777.003 1002 0.931695 -0.353277 -0.0844945 0.156377 0.60005 -0.784529 0.327857 0.717729 0.614308 
60.2973 3101.47 -777.003 1002 0.931695 -0.353277 -0.0844945 0.156377 0.60005 -0.784529 0.327857 0.717729 0.614308 
60.3775 3101.47 -777.003 1002 0.931695 -0.353277 -0.0844945 0.156377 0.60005 -0.784529 0.327857 0.717729 0.614308 
60.5279 3101.47 -777.003 1002 0.931695 -0.353277 -0.0844945 0.156377 0.60005 -0.784529 0.327857 0.717729 0.614308 
60.755 3101.47 -777.003 1002 0.931695 -0.353277 -0.0844945 0.156377 0.60005 -0.784529 0.327857 0.717729 0.614308 
61.0639 3101.47 -777.003 1002 0.931695 -0.353277 -0.0844945 0.156377 0.60005 -0.784529 0.327857 0.717729 0.614308 
61.4613 3101.47 -777.003 1002 0.931695 -0.353277 -0.0844945 0.156377 0.60005 -0.784529 0.327857 0.717729 0.614308 
61.953 3101.47 -777.003 1002 0.931695 -0.353277 -0.0844945 0.156377 0.60005 -0.784529 0.327857 0.717729 0.614308 
62.5443 3101.47 -777.003 1002 0.931695 -0.353277 -0.0844945 0.156377 0.60005 -0.784529 0.327857 0.717729 0.614308 
63.2411 3101.47 -777.003 1002 0.931695 -0.353277 -0.0844945 0.156377 0.60005 -0.784529 0.327857 0.717729 0.614308 
64.0468 3101.47 -777.003 1002 0.931695 -0.353277 -0.0844945 0.156377 0.60005 -0.784529 0.327857 0.717729 0.614308 
64.9658 3101.47 -777.003 1002 0.931695 -0.353277 -0.0844945 0.156377 0.60005 -0.784529 0.327857 0.717729 0.614308 
66.0037 3101.47 -777.003 1002 0.931695 -0.353277 -0.0844945 0.156377 0.60005 -0.784529 0.327857 0.717729 0.614308 
67.164 3101.47 -777.003 1002 0.931695 -0.353277 -0.0844945 0.156377 0.60005 -0.784529 0.327857 0.717729 0.614308 
68.4478 3101.47 -777.003 1002 0.931695 -0.353277 -0.0844945 0.156377 0.60005 -0.784529 0.327857 0.717729 0.614308 
69.8586 3101.47 -777.003 1002 0.931695 -0.353277 -0.0844945 0.156377 0.60005 -0.784529 0.327857 0.717729 0.614308 
71.3982 3101.47 -777.003 1002 0.931695 -0.353277 -0.0844945 0.156377 0.60005 -0.784529 0.327857 0.717729 0.614308 
73.0672 3101.47 -777.003 1002 0.931695 -0.353277 -0.0844945 0.156377 0.60005 -0.784529 0.327857 0.717729 0.614308 
74.8681 3101.47 -777.003 1002 0.931695 -0.353277 -0.0844945 0.156377 0.60005 -0.784529 0.327857 0.717729 0.614308 
76.8012 3101.47 -777.003 1002 0.931695 -0.353277 -0.0844945 0.156377 0.60005 -0.784529 0.327857 0.717729 0.614308 
78.8663 3101.47 -777.003 1002 0.931695 -0.353277 -0.0844945 0.156377 0.60005 -0.784529 0.327857 0.717729 0.614308 
81.0626 3101.47 -777.003 1002 0.931695 -0.353277 -0.0844945 0.156377 0.60005 -0.784529 0.327857 0.717729 0.614308 
83.3916 3101.47 -777.003 1002 0.931695 -0.353277 -0.0844945 0.156377 0.60005 -0.784529 0.327857 0.717729 0.614308 
85.8521 3101.47 -777.003 1002 0.931695 -0.353277 -0.0844945 0.156377 0.60005 -0.784529 0.327857 0.717729 0.614308 
87.909 3102.21 -787.906 1007.16 0.955585 -0.274666 -0.106848 0.148548 0.762006 -0.630302 0.254541 0.586435 0.768962 
89.644 3102.21 -787.906 1007.16 0.955585 -0.274666 -0.106848 0.148548 0.762006 -0.630302 0.254541 0.586435 0.768962 
91.5356 3102.21 -787.906 1007.16 0.955585 -0.274666 -0.106848 0.148548 0.762006 -0.630302 0.254541 0.586435 0.768962 
93.5859 3102.21 -787.906 1007.16 0.955585 -0.274666 -0.106848 0.148548 0.762006 -0.630302 0.254541 0.586435 0.768962 
95.797 3102.21 -787.906 1007.16 0.955585 -0.274666 -0.106848 0.148548 0.762006 -0.630302 0.254541 0.586435 0.768962 
98.1645 3102.21 -787.906 1007.16 0.955585 -0.274666 -0.106848 0.148548 0.762006 -0.630302 0.254541 0.586435 0.768962 
100.691 3102.21 -787.906 1007.16 0.955585 -0.274666 -0.106848 0.148548 0.762006 -0.630302 0.254541 0.586435 0.768962 
103.374 3102.21 -787.906 1007.16 0.955585 -0.274666 -0.106848 0.148548 0.762006 -0.630302 0.254541 0.586435 0.768962 
99.821 3110.64 -776.096 1002.27 0.758483 -0.557046 0.338235 -0.287648 -0.751879 -0.593242 0.584775 0.352671 -0.730521 
95.4757 3110.64 -776.096 1002.27 0.758483 -0.557046 0.338235 -0.287648 -0.751879 -0.593242 0.584775 0.352671 -0.730521 
91.0447 3110.64 -776.096 1002.27 0.758483 -0.557046 0.338235 -0.287648 -0.751879 -0.593242 0.584775 0.352671 -0.730521 
86.5251 3110.64 -776.096 1002.27 0.758483 -0.557046 0.338235 -0.287648 -0.751879 -0.593242 0.584775 0.352671 -0.730521 
81.9208 3110.64 -776.096 1002.27 0.758483 -0.557046 0.338235 -0.287648 -0.751879 -0.593242 0.584775 0.352671 -0.730521 
77.2294 3110.64 -776.096 1002.27 0.758483 -0.557046 0.338235 -0.287648 -0.751879 -0.593242 0.584775 0.352671 -0.730521 
72.4519 3110.64 -776.096 1002.27 0.758483 -0.557046 0.338235 -0.287648 -0.751879 -0.593242 0.584775 0.352671 -0.730521 
67.5865 3110.64 -776.096 1002.27 0.758483 -0.557046 0.338235 -0.287648 -0.751879 -0.593242 0.584775 0.352671 -0.730521 
62.6414 3110.64 -776.096 1002.27 0.758483 -0.557046 0.338235 -0.287648 -0.751879 -0.593242 0.584775 0.352671 -0.730521 
57.6096 3110.64 -776.096 1002.27 0.758483 -0.557046 0.338235 -0.287648 -0.751879 -0.593242 0.584775 0.352671 -0.730521 
52.5013 3110.64 -776.096 1002.27 0.758483 -0.557046 0.338235 -0.287648 -0.751879 -0.593242 0.584775 0.352671 -0.730521 
47.3188 3110.64 -776.096 1002.27 0.758483 -0.557046 0.338235 -0.287648 -0.751879 -0.593242 0.584775 0.352671 -0.730521 
42.0706 3110.64 -776.096 1002.27 0.758483 -0.557046 0.338235 -0.287648 -0.751879 -0.593242 0.584775 0.352671 -0.730521 
36.7704 3110.64 -776.096 1002.27 0.758483 -0.557046 0.338235 -0.287648 -0.751879 -0.593242 0.584775 0.352671 -0.730521 
31.4387 3110.64 -776.096 1002.27 0.758483 -0.557046 0.338235 -0.287648 -0.751879 -0.593242 0.584775 0.352671 -0.730521 
26.1195 3110.64 -776.096 1002.27 0.758483 -0.557046 0.338235 -0.287648 -0.751879 -0.593242 0.584775 0.352671 -0.730521 
20.9058 3110.64 -776.096 1002.27 0.758483 -0.557046 0.338235 -0.287648 -0.751879 -0.593242 0.584775 0.352671 -0.730521 
16.0005 3110.64 -776.096 1002.27 0.758483 -0.557046 0.338235 -0.287648 -0.751879 -0.593242 0.584775 0.352671 -0.730521 
11.9498 3110.64 -776.096 1002.27 0.758483 -0.557046 0.338235 -0.287648 -0.751879 -0.593242 0.584775 0.352671 -0.730521 
10.0411 3110.64 -776.096 1002.27 0.758483 -0.557046 0.338235 -0.287648 -0.751879 -0.593242 0.584775 0.352671 -0.730521 
11.5679 3110.64 -776.096 1002.27 0.758483 -0.557046 0.338235 -0.287648 -0.751879 -0.593242 0.584775 0.352671 -0.730521 
15.6683 3110.64 -776.096 1002.27 0.758483 -0.557046 0.338235 -0.287648 -0.751879 -0.593242 0.584775 0.352671 -0.730521 
20.9663 3110.64 -776.096 1002.27 0.758483 -0.557046 0.338235 -0.287648 -0.751879 -0.593242 0.584775 0.352671 -0.730521 
20.6728 3116.31 -777.911 1009.48 0.758624 -0.544175 0.358279 -0.320369 -0.790397 -0.522146 0.567321 0.28133 -0.773951 
15.703 3116.31 -777.911 1009.48 0.758624 -0.544175 0.358279 -0.320369 -0.790397 -0.522146 0.567321 0.28133 -0.773951 
12.3263 3116.31 -777.911 1009.48 0.758624 -0.544175 0.358279 -0.320369 -0.790397 -0.522146 0.567321 0.28133 -0.773951 
12.1461 3116.31 -777.911 1009.48 0.758624 -0.544175 0.358279 -0.320369 -0.790397 -0.522146 0.567321 0.28133 -0.773951 
15.4151 3116.31 -777.911 1009.48 0.758624 -0.544175 0.358279 -0.320369 -0.790397 -0.522146 0.567321 0.28133 -0.773951 
20.6552 3116.31 -777.911 1009.48 0.758624 -0.544175 0.358279 -0.320369 -0.790397 -0.522146 0.567321 0.28133 -0.773951 
26.8114 3116.31 -777.911 1009.48 0.758624 -0.544175 0.358279 -0.320369 -0.790397 -0.522146 0.567321 0.28133 -0.773951 
33.4502 3116.31 -777.911 1009.48 0.758624 -0.544175 0.358279 -0.320369 -0.790397 -0.522146 0.567321 0.28133 -0.773951 
40.3907 3116.31 -777.911 1009.48 0.758624 -0.544175 0.358279 -0.320369 -0.790397 -0.522146 0.567321 0.28133 -0.773951 
47.5505 3116.31 -777.911 1009.48 0.758624 -0.544175 0.358279 -0.320369 -0.790397 -0.522146 0.567321 0.28133 -0.773951 
54.8903 3116.31 -777.911 1009.48 0.758624 -0.544175 0.358279 -0.320369 -0.790397 -0.522146 0.567321 0.28133 -0.773951 
62.3834 3116.31 -777.911 1009.48 0.758624 -0.544175 0.358279 -0.320369 -0.790397 -0.522146 0.567321 0.28133 -0.773951 
70.0157 3116.31 -777.911 1009.48 0.758624 -0.544175 0.358279 -0.320369 -0.790397 -0.522146 0.567321 0.28133 -0.773951 
77.7816 3116.31 -777.911 1009.48 0.758624 -0.544175 0.358279 -0.320369 -0.790397 -0.522146 0.567321 0.28133 -0.773951 
85.6752 3116.31 -777.911 1009.48 0.758624 -0.544175 0.358279 -0.320369 -0.790397 -0.522146 0.567321 0.28133 -0.773951 
93.6893 3116.31 -777.911 1009.48 0.758624 -0.544175 0.358279 -0.320369 -0.790397 -0.522146 0.567321 0.28133 -0.773951 
93.3648 3104.17 -777.677 1006.91 0.903402 -0.386824 -0.185019 0.0228716 0.474342 -0.880043 0.428184 0.790802 0.437369 
85.1698 3104.17 -777.677 1006.91 0.903402 -0.386824 -0.185019 0.0228716 0.474342 -0.880043 0.428184 0.790802 0.437369 
76.8913 3104.17 -777.677 1006.91 0.903402 -0.386824 -0.185019 0.0228716 0.474342 -0.880043 0.428184 0.790802 0.437369 
68.5355 3104.17 -777.677 1006.91 0.903402 -0.386824 -0.185019 0.0228716 0.474342 -0.880043 0.428184 0.790802 0.437369 
60.1143 3104.17 -777.677 1006.91 0.903402 -0.386824 -0.185019 0.0228716 0.474342 -0.880043 0.428184 0.790802 0.437369 
51.6559 3104.17 -777.677 1006.91 0.903402 -0.386824 -0.185019 0.0228716 0.474342 -0.880043 0.428184 0.790802 0.437369 
43.2063 3104.17 -777.677 1006.91 0.903402 -0.386824 -0.185019 0.0228716 0.474342 -0.880043 0.428184 0.790802 0.437369 
34.8542 3104.17 -777.677 1006.91 0.903402 -0.386824 -0.185019 0.0228716 0.474342 -0.880043 0.428184 0.790802 0.437369 
26.8098 3104.17 -777.677 1006.91 0.903402 -0.386824 -0.185019 0.0228716 0.474342 -0.880043 0.428184 0.790802 0.437369 
19.6125 3104.17 -777.677 1006.91 0.903402 -0.386824 -0.185019 0.0228716 0.474342 -0.880043 0.428184 0.790802 0.437369 
14.7951 3104.17 -777.677 1006.91 0.903402 -0.386824 -0.185019 0.0228716 0.474342 -0.880043 0.428184 0.790802 0.437369 
15.093 3104.17 -777.677 1006.91 0.903402 -0.386824 -0.185019 0.0228716 0.474342 -0.880043 0.428184 0.790802 0.437369 
20.4439 3104.17 -777.677 1006.91 0.903402 -0.386824 -0.185019 0.0228716 0.474342 -0.880043 0.428184 0.790802 0.437369 
28.211 3104.17 -777.677 1006.91 0.903402 -0.386824 -0.185019 0.0228716 0.474342 -0.880043 0.428184 0.790802 0.437369 
36.9903 3104.17 -777.677 1006.91 0.903402 -0.386824 -0.185019 0.0228716 0.474342 -0.880043 0.428184 0.790802 0.437369 
46.2835 3104.17 -777.677 1006.91 0.903402 -0.386824 -0.185019 0.0228716 0.474342 -0.880043 0.428184 0.790802 0.437369 
55.8962 3104.17 -777.677 1006.91 0.903402 -0.386824 -0.185019 0.0228716 0.474342 -0.880043 0.428184 0.790802 0.437369 
59.9679 3113.53 -775.888 1004.64 0.977825 0.15208 0.14398 -0.205984 0.574301 0.792306 0.0378058 -0.804394 0.592892 
49.8385 3113.53 -775.888 1004.64 0.977825 0.15208 0.14398 -0.205984 0.574301 0.792306 0.0378058 -0.804394 0.592892 
39.6606 3113.53 -775.888 1004.64 0.977825 0.15208 0.14398 -0.205984 0.574301 0.792306 0.0378058 -0.804394 0.592892 
29.5018 3113.53 -775.888 1004.64 0.977825 0.15208 0.14398 -0.205984 0.574301 0.792306 0.0378058 -0.804394 0.592892 
19.5815 3113.53 -775.888 1004.64 0.977825 0.15208 0.14398 -0.205984 0.574301 0.792306 0.0378058 -0.804394 0.592892 
10.9567 3113.53 -775.888 1004.64 0.977825 0.15208 0.14398 -0.205984 0.574301 0.792306 0.0378058 -0.804394 0.592892 
9.36243 3113.53 -775.888 1004.64 0.977825 0.15208 0.14398 -0.205984 0.574301 0.792306 0.0378058 -0.804394 0.592892 
17.1478 3113.53 -775.888 1004.64 0.977825 0.15208 0.14398 -0.205984 0.574301 0.792306 0.0378058 -0.804394 0.592892 
27.3302 3113.53 -775.888 1004.64 0.977825 0.15208 0.14398 -0.205984 0.574301 0.792306 0.0378058 -0.804394 0.592892 
38.1395 3113.53 -775.888 1004.64 0.977825 0.15208 0.14398 -0.205984 0.574301 0.792306 0.0378058 -0.804394 0.592892 
42.8866 3116.42 -782.939 1008.11 0.857348 -0.483945 -0.175362 -0.0911516 0.192559 -0.977043 0.506602 0.85365 0.120977 
32.1364 3116.42 -782.939 1008.11 0.857348 -0.483945 -0.175362 -0.0911516 0.192559 -0.977043 0.506602 0.85365 0.120977 
21.9975 3116.42 -782.939 1008.11 0.857348 -0.483945 -0.175362 -0.0911516 0.192559 -0.977043 0.506602 0.85365 0.120977 
14.1822 3116.42 -782.939 1008.11 0.857348 -0.483945 -0.175362 -0.0911516 0.192559 -0.977043 0.506602 0.85365 0.120977 
13.8878 3116.42 -782.939 1008.11 0.857348 -0.483945 -0.175362 -0.0911516 0.192559 -0.977043 0.506602 0.85365 0.120977 
21.628 3116.42 -782.939 1008.11 0.857348 -0.483945 -0.175362 -0.0911516 0.192559 -0.977043 0.506602 0.85365 0.120977 
32.1661 3116.42 -782.939 1008.11 0.857348 -0.483945 -0.175362 -0.0911516 0.192559 -0.977043 0.506602 0.85365 0.120977 
43.611 3116.42 -782.939 1008.11 0.857348 -0.483945 -0.175362 -0.0911516 0.192559 -0.977043 0.506602 0.85365 0.120977 
55.4908 3116.42 -782.939 1008.11 0.857348 -0.483945 -0.175362 -0.0911516 0.192559 -0.977043 0.506602 0.85365 0.120977 
67.6366 3116.42 -782.939 1008.11 0.857348 -0.483945 -0.175362 -0.0911516 0.192559 -0.977043 0.506602 0.85365 0.120977 
79.9894 3116.42 -782.939 1008.11 0.857348 -0.483945 -0.175362 -0.0911516 0.192559 -0.977043 0.506602 0.85365 0.120977 
92.4189 3112.47 -777.336 1003.64 0.987077 0.102886 -0.122858 -0.0375737 0.893892 0.446705 0.155781 -0.436316 0.886206 
80.235 3112.47 -777.336 1003.64 0.987077 0.102886 -0.122858 -0.0375737 0.893892 0.446705 0.155781 -0.436316 0.886206 
68.1502 3112.47 -777.336 1003.64 0.987077 0.102886 -0.122858 -0.0375737 0.893892 0.446705 0.155781 -0.436316 0.886206 
56.3162 3112.47 -777.336 1003.64 0.987077 0.102886 -0.122858 -0.0375737 0.893892 0.446705 0.155781 -0.436316 0.886206 
45.0329 3112.47 -777.336 1003.64 0.987077 0.102886 -0.122858 -0.0375737 0.893892 0.446705 0.155781 -0.436316 0.886206 
34.98 3112.47 -777.336 1003.64 0.987077 0.102886 -0.122858 -0.0375737 0.893892 0.446705 0.155781 -0.436316 0.886206 
27.7204 3112.47 -777.336 1003.64 0.987077 0.102886 -0.122858 -0.0375737 0.893892 0.446705 0.155781 -0.436316 0.886206 
25.9281 3112.47 -777.336 1003.64 0.987077 0.102886 -0.122858 -0.0375737 0.893892 0.446705 0.155781 -0.436316 0.886206 
30.745 3112.47 -777.336 1003.64 0.987077 0.102886 -0.122858 -0.0375737 0.893892 0.446705 0.155781 -0.436316 0.886206 
39.9671 3112.47 -777.336 1003.64 0.987077 0.102886 -0.122858 -0.0375737 0.893892 0.446705 0.155781 -0.436316 0.886206 
46.6411 3109.15 -785.344 1013.89 0.829119 -0.520976 -0.202844 -0.18095 0.093226 -0.979064 0.528979 0.848465 -0.0169751 
50.317 3109.15 -785.344 1013.89 0.829119 -0.520976 -0.202844 -0.18095 0.093226 -0.979064 0.528979 0.848465 -0.0169751 
49.7908 3108.48 -784.903 1013.33 0.805803 -0.587509 -0.0742634 -0.296145 -0.291194 -0.909673 0.512816 0.755009 -0.408632 
46.5286 3108.48 -784.903 1013.33 0.805803 -0.587509 -0.0742634 -0.296145 -0.291194 -0.909673 0.512816 0.755009 -0.408632 
35.7745 3108.41 -785.033 1013.73 0.824775 -0.528761 -0.200394 -0.231357 0.00781716 -0.972838 0.515965 0.848735 -0.115885 
21.4525 3108.41 -785.033 1013.73 0.824775 -0.528761 -0.200394 -0.231357 0.00781716 -0.972838 0.515965 0.848735 -0.115885 
7.77153 3108.41 -785.033 1013.73 0.824775 -0.528761 -0.200394 -0.231357 0.00781716 -0.972838 0.515965 0.848735 -0.115885 
9.56895 3108.41 -785.033 1013.73 0.824775 -0.528761 -0.200394 -0.231357 0.00781716 -0.972838 0.515965 0.848735 -0.115885 
23.7642 3108.41 -785.033 1013.73 0.824775 -0.528761 -0.200394 -0.231357 0.00781716 -0.972838 0.515965 0.848735 -0.115885 
30.638 3107.36 -784.542 1013.57 0.817269 -0.559685 -0.1372 -0.297267 -0.205508 -0.932416 0.493664 0.80282 -0.334331 
24.589 3107.36 -784.542 1013.57 0.817269 -0.559685 -0.1372 -0.297267 -0.205508 -0.932416 0.493664 0.80282 -0.334331 
26.6077 3107.56 -784.82 1013.2 0.81248 -0.58189 -0.0357806 -0.362449 -0.456101 -0.812775 0.456626 0.673332 -0.581478 
20.5859 3107.56 -784.82 1013.2 0.81248 -0.58189 -0.0357806 -0.362449 -0.456101 -0.812775 0.456626 0.673332 -0.581478 
11.6605 3109.17 -783.624 1013.68 0.807689 -0.588837 -0.0301498 -0.375854 -0.4748 -0.795801 0.454282 0.654092 -0.604807 
12.8867 3109.17 -783.624 1013.68 0.807689 -0.588837 -0.0301498 -0.375854 -0.4748 -0.795801 0.454282 0.654092 -0.604807 
24.6522 3104.24 -777.85 1012.14 0.832599 -0.436059 -0.341513 -0.184614 0.362844 -0.913379 0.522203 0.823527 0.221601 
17.0548 3104.24 -777.85 1012.14 0.832599 -0.436059 -0.341513 -0.184614 0.362844 -0.913379 0.522203 0.823527 0.221601 
21.9425 3104.24 -777.85 1012.14 0.832599 -0.436059 -0.341513 -0.184614 0.362844 -0.913379 0.522203 0.823527 0.221601 
34.52 3104.24 -777.85 1012.14 0.832599 -0.436059 -0.341513 -0.184614 0.362844 -0.913379 0.522203 0.823527 0.221601 
49.3304 3104.24 -777.85 1012.14 0.832599 -0.436059 -0.341513 -0.184614 0.362844 -0.913379 0.522203 0.823527 0.221601 
52.6441 3113.18 -780.647 998.23 0.987883 0.146058 0.0524796 -0.100656 0.345577 0.932976 0.118133 -0.926954 0.356091 
48.6776 3113.18 -780.647 998.23 0.987883 0.146058 0.0524796 -0.100656 0.345577 0.932976 0.118133 -0.926954 0.356091 
50.1865 3113.18 -780.647 998.23 0.987883 0.146058 0.0524796 -0.100656 0.345577 0.932976 0.118133 -0.926954 0.356091 
56.8464 3113.18 -780.647 998.23 0.987883 0.146058 0.0524796 -0.100656 0.345577 0.932976 0.118133 -0.926954 0.356091 
57.428 3103.9 -779.378 993.152 0.830217 -0.385978 -0.402194 -0.215512 0.443158 -0.870153 0.514095 0.809094 0.284734 
49.8671 3103.9 -779.378 993.152 0.830217 -0.385978 -0.402194 -0.215512 0.443158 -0.870153 0.514095 0.809094 0.284734 
47.4952 3103.9 -779.378 993.152 0.830217 -0.385978 -0.402194 -0.215512 0.443158 -0.870153 0.514095 0.809094 0.284734 
51.1662 3103.9 -779.378 993.152 0.830217 -0.385978 -0.402194 -0.215512 0.443158 -0.870153 0.514095 0.809094 0.284734 
44.2264 3103.95 -778.551 995.268 0.845927 -0.246678 -0.472818 -0.128511 0.766175 -0.629651 0.517583 0.593401 0.616428 
28.7332 3103.95 -778.551 995.268 0.845927 -0.246678 -0.472818 -0.128511 0.766175 -0.629651 0.517583 0.593401 0.616428 
17.5208 3103.95 -778.551 995.268 0.845927 -0.246678 -0.472818 -0.128511 0.766175 -0.629651 0.517583 0.593401 0.616428 
20.3294 3103.95 -778.551 995.268 0.845927 -0.246678 -0.472818 -0.128511 0.766175 -0.629651 0.517583 0.593401 0.616428 
34.0287 3103.95 -778.551 995.268 0.845927 -0.246678 -0.472818 -0.128511 0.766175 -0.629651 0.517583 0.593401 0.616428 
32.1287 3105.54 -785.409 1006.13 0.877207 -0.434555 0.204132 -0.457228 -0.885826 0.0790831 0.146459 -0.162707 -0.975744 
37.2735 3105.54 -785.409 1006.13 0.877207 -0.434555 0.204132 -0.457228 -0.885826 0.0790831 0.146459 -0.162707 -0.975744 
49.1158 3105.54 -785.409 1006.13 0.877207 -0.434555 0.204132 -0.457228 -0.885826 0.0790831 0.146459 -0.162707 -0.975744 
64.1493 3105.54 -785.409 1006.13 0.877207 -0.434555 0.204132 -0.457228 -0.885826 0.0790831 0.146459 -0.162707 -0.975744 
80.6922 3105.54 -785.409 1006.13 0.877207 -0.434555 0.204132 -0.457228 -0.885826 0.0790831 0.146459 -0.162707 -0.975744 
83.313 3105.68 -777.496 1010.4 0.81477 -0.258533 -0.518951 -0.192386 0.723806 -0.662641 0.546934 0.639739 0.539998 
72.6973 3107.8 -778.434 1011.58 0.833508 -0.161231 -0.528458 -0.123957 0.877521 -0.463241 0.538422 0.451621 0.711435 
59.943 3107.79 -778.274 1012.15 0.795343 -0.305711 -0.523422 -0.197191 0.686046 -0.700326 0.573189 0.660213 0.485358 
44.3884 3107.79 -778.274 1012.15 0.795343 -0.305711 -0.523422 -0.197191 0.686046 -0.700326 0.573189 0.660213 0.485358 
32.6485 3107.79 -778.274 1012.15 0.795343 -0.305711 -0.523422 -0.197191 0.686046 -0.700326 0.573189 0.660213 0.485358 
29.9065 3107.79 -778.274 1012.15 0.795343 -0.305711 -0.523422 -0.197191 0.686046 -0.700326 0.573189 0.660213 0.485358 
21.067 3103.39 -784.677 1002.54 0.881675 -0.457057 0.117249 -0.460271 -0.887778 0.000380261 0.103918 -0.0543018 -0.993102 
12.4815 3103.39 -784.677 1002.54 0.881675 -0.457057 0.117249 -0.460271 -0.887778 0.000380261 0.103918 -0.0543018 -0.993102 
25.1835 3103.39 -784.677 1002.54 0.881675 -0.457057 0.117249 -0.460271 -0.887778 0.000380261 0.103918 -0.0543018 -0.993102 
20.8305 3107.65 -778.698 1012.53 0.840331 -0.0737847 -0.537028 -0.0566605 0.97331 -0.222389 0.539104 0.217309 0.813722 
30.6953 3107.65 -778.698 1012.53 0.840331 -0.0737847 -0.537028 -0.0566605 0.97331 -0.222389 0.539104 0.217309 0.813722 
40.6585 3108.35 -778.573 1012.59 0.846479 -0.0393999 -0.530962 -0.00691815 0.99636 -0.0849638 0.532377 0.0755933 0.843125 
35.292 3108.35 -778.573 1012.59 0.846479 -0.0393999 -0.530962 -0.00691815 0.99636 -0.0849638 0.532377 0.0755933 0.843125 
36.326 3109.32 -777.917 1011.81 0.763987 -0.330867 -0.553941 -0.250914 0.638595 -0.727487 0.594445 0.694783 0.40486 
43.3023 3109.32 -777.917 1011.81 0.763987 -0.330867 -0.553941 -0.250914 0.638595 -0.727487 0.594445 0.694783 0.40486 
57.1827 3109.32 -777.917 1011.81 0.763987 -0.330867 -0.553941 -0.250914 0.638595 -0.727487 0.594445 0.694783 0.40486 
74.2863 3109.32 -777.917 1011.81 0.763987 -0.330867 -0.553941 -0.250914 0.638595 -0.727487 0.594445 0.694783 0.40486 
92.9326 3109.32 -777.917 1011.81 0.763987 -0.330867 -0.553941 -0.250914 0.638595 -0.727487 0.594445 0.694783 0.40486 
112.421 3109.32 -777.917 1011.81 0.763987 -0.330867 -0.553941 -0.250914 0.638595 -0.727487 0.594445 0.694783 0.40486 
132.436 3109.32 -777.917 1011.81 0.763987 -0.330867 -0.553941 -0.250914 0.638595 -0.727487 0.594445 0.694783 0.40486 
129.862 3106.29 -778.833 1004.54 0.93514 -0.346747 0.0726562 -0.345158 -0.845476 0.407476 -0.079862 -0.406125 -0.910321 
110.022 3106.29 -778.833 1004.54 0.93514 -0.346747 0.0726562 -0.345158 -0.845476 0.407476 -0.079862 -0.406125 -0.910321 
90.6813 3106.29 -778.833 1004.54 0.93514 -0.346747 0.0726562 -0.345158 -0.845476 0.407476 -0.079862 -0.406125 -0.910321 
72.3499 3106.29 -778.833 1004.54 0.93514 -0.346747 0.0726562 -0.345158 -0.845476 0.407476 -0.079862 -0.406125 -0.910321 
56.1664 3106.29 -778.833 1004.54 0.93514 -0.346747 0.0726562 -0.345158 -0.845476 0.407476 -0.079862 -0.406125 -0.910321 
44.7116 3106.29 -778.833 1004.54 0.93514 -0.346747 0.0726562 -0.345158 -0.845476 0.407476 -0.079862 -0.406125 -0.910321 
42.2289 3106.29 -778.833 1004.54 0.93514 -0.346747 0.0726562 -0.345158 -0.845476 0.407476 -0.079862 -0.406125 -0.910321 
33.8459 3106.42 -777.976 1012.03 0.702318 -0.403223 -0.586652 -0.419533 0.431331 -0.798715 0.575102 0.807072 0.133766 
17.9376 3106.42 -777.976 1012.03 0.702318 -0.403223 -0.586652 -0.419533 0.431331 -0.798715 0.575102 0.807072 0.133766 
21.8082 3106.42 -777.976 1012.03 0.702318 -0.403223 -0.586652 -0.419533 0.431331 -0.798715 0.575102 0.807072 0.133766 
40.2821 3106.42 -777.976 1012.03 0.702318 -0.403223 -0.586652 -0.419533 0.431331 -0.798715 0.575102 0.807072 0.133766 
61.4727 3106.42 -777.976 1012.03 0.702318 -0.403223 -0.586652 -0.419533 0.431331 -0.798715 0.575102 0.807072 0.133766 
63.514 3106.24 -779.74 1009.33 0.792706 0.0440588 -0.608011 0.044088 0.990629 0.129265 0.608008 -0.129275 0.783335 
42.8626 3106.24 -779.74 1009.33 0.792706 0.0440588 -0.608011 0.044088 0.990629 0.129265 0.608008 -0.129275 0.783335 
25.7675 3106.24 -779.74 1009.33 0.792706 0.0440588 -0.608011 0.044088 0.990629 0.129265 0.608008 -0.129275 0.783335 
23.03 3106.24 -779.74 1009.33 0.792706 0.0440588 -0.608011 0.044088 0.990629 0.129265 0.608008 -0.129275 0.783335 
38.11 3106.24 -779.74 1009.33 0.792706 0.0440588 -0.608011 0.044088 0.990629 0.129265 0.608008 -0.129275 0.783335 
58.7038 3106.24 -779.74 1009.33 0.792706 0.0440588 -0.608011 0.044088 0.990629 0.129265 0.608008 -0.129275 0.783335 
80.7908 3106.24 -779.74 1009.33 0.792706 0.0440588 -0.608011 0.044088 0.990629 0.129265 0.608008 -0.129275 0.783335 
81.3397 3106.27 -777.397 1007.25 0.638636 -0.359294 -0.680479 -0.422762 0.57507 -0.700405 0.642974 0.734984 0.215365 
61.5327 3106.27 -777.397 1007.25 0.638636 -0.359294 -0.680479 -0.422762 0.57507 -0.700405 0.642974 0.734984 0.215365 
45.2486 3106.27 -777.397 1007.25 0.638636 -0.359294 -0.680479 -0.422762 0.57507 -0.700405 0.642974 0.734984 0.215365 
