0
0
0
0
0
0
0
0
0
0
0
0
0
0
0
0
0
0
0
0
0
0
0
0
0
36.9459 3107.12 -782.172 1015.4 0.935572 -0.346646 -0.0673931 0.149257 0.56112 -0.814167 0.320043 0.751652 0.576707 
36.935 3107.12 -782.172 1015.4 0.935572 -0.346646 -0.0673931 0.149257 0.56112 -0.814167 0.320043 0.751652 0.576707 
36.9239 3107.12 -782.172 1015.4 0.935572 -0.346646 -0.0673931 0.149257 0.56112 -0.814167 0.320043 0.751652 0.576707 
36.9124 3107.12 -782.172 1015.4 0.935572 -0.346646 -0.0673931 0.149257 0.56112 -0.814167 0.320043 0.751652 0.576707 
36.9007 3107.12 -782.172 1015.4 0.935572 -0.346646 -0.0673931 0.149257 0.56112 -0.814167 0.320043 0.751652 0.576707 
36.8888 3107.12 -782.172 1015.4 0.935572 -0.346646 -0.0673931 0.149257 0.56112 -0.814167 0.320043 0.751652 0.576707 
36.8766 3107.12 -782.172 1015.4 0.935572 -0.346646 -0.0673931 0.149257 0.56112 -0.814167 0.320043 0.751652 0.576707 
36.8643 3107.12 -782.172 1015.4 0.935572 -0.346646 -0.0673931 0.149257 0.56112 -0.814167 0.320043 0.751652 0.576707 
36.8517 3107.12 -782.172 1015.4 0.935572 -0.346646 -0.0673931 0.149257 0.56112 -0.814167 0.320043 0.751652 0.576707 
36.8389 3107.12 -782.172 1015.4 0.935572 -0.346646 -0.0673931 0.149257 0.56112 -0.814167 0.320043 0.751652 0.576707 
36.8259 3107.12 -782.172 1015.4 0.935572 -0.346646 -0.0673931 0.149257 0.56112 -0.814167 0.320043 0.751652 0.576707 
36.8128 3107.12 -782.172 1015.4 0.935572 -0.346646 -0.0673931 0.149257 0.56112 -0.814167 0.320043 0.751652 0.576707 
36.7995 3107.12 -782.172 1015.4 0.935572 -0.346646 -0.0673931 0.149257 0.56112 -0.814167 0.320043 0.751652 0.576707 
36.7861 3107.12 -782.172 1015.4 0.935572 -0.346646 -0.0673931 0.149257 0.56112 -0.814167 0.320043 0.751652 0.576707 
36.7725 3107.12 -782.172 1015.4 0.935572 -0.346646 -0.0673931 0.149257 0.56112 -0.814167 0.320043 0.751652 0.576707 
36.7588 3107.12 -782.172 1015.4 0.935572 -0.346646 -0.0673931 0.149257 0.56112 -0.814167 0.320043 0.751652 0.576707 
36.7449 3107.12 -782.172 1015.4 0.935572 -0.346646 -0.0673931 0.149257 0.56112 -0.814167 0.320043 0.751652 0.576707 
36.731 3107.12 -782.172 1015.4 0.935572 -0.346646 -0.0673931 0.149257 0.56112 -0.814167 0.320043 0.751652 0.576707 
36.717 3107.12 -782.172 1015.4 0.935572 -0.346646 -0.0673931 0.149257 0.56112 -0.814167 0.320043 0.751652 0.576707 
36.7029 3107.12 -782.172 1015.4 0.935572 -0.346646 -0.0673931 0.149257 0.56112 -0.814167 0.320043 0.751652 0.576707 
36.6888 3107.12 -782.172 1015.4 0.935572 -0.346646 -0.0673931 0.149257 0.56112 -0.814167 0.320043 0.751652 0.576707 
36.6745 3107.12 -782.172 1015.4 0.935572 -0.346646 -0.0673931 0.149257 0.56112 -0.814167 0.320043 0.751652 0.576707 
36.6603 3107.12 -782.172 1015.4 0.935572 -0.346646 -0.0673931 0.149257 0.56112 -0.814167 0.320043 0.751652 0.576707 
36.646 3107.12 -782.172 1015.4 0.935572 -0.346646 -0.0673931 0.149257 0.56112 -0.814167 0.320043 0.751652 0.576707 
36.6317 3107.12 -782.172 1015.4 0.935572 -0.346646 -0.0673931 0.149257 0.56112 -0.814167 0.320043 0.751652 0.576707 
36.6173 3107.12 -782.172 1015.4 0.935572 -0.346646 -0.0673931 0.149257 0.56112 -0.814167 0.320043 0.751652 0.576707 
36.603 3107.12 -782.172 1015.4 0.935572 -0.346646 -0.0673931 0.149257 0.56112 -0.814167 0.320043 0.751652 0.576707 
36.5887 3107.12 -782.172 1015.4 0.935572 -0.346646 -0.0673931 0.149257 0.56112 -0.814167 0.320043 0.751652 0.576707 
36.5744 3107.12 -782.172 1015.4 0.935572 -0.346646 -0.0673931 0.149257 0.56112 -0.814167 0.320043 0.751652 0.576707 
36.5601 3107.12 -782.172 1015.4 0.935572 -0.346646 -0.0673931 0.149257 0.56112 -0.814167 0.320043 0.751652 0.576707 
36.5459 3107.12 -782.172 1015.4 0.935572 -0.346646 -0.0673931 0.149257 0.56112 -0.814167 0.320043 0.751652 0.576707 
36.5317 3107.12 -782.172 1015.4 0.935572 -0.346646 -0.0673931 0.149257 0.56112 -0.814167 0.320043 0.751652 0.576707 
36.5177 3107.12 -782.172 1015.4 0.935572 -0.346646 -0.0673931 0.149257 0.56112 -0.814167 0.320043 0.751652 0.576707 
36.5036 3107.12 -782.172 1015.4 0.935572 -0.346646 -0.0673931 0.149257 0.56112 -0.814167 0.320043 0.751652 0.576707 
36.4897 3107.12 -782.172 1015.4 0.935572 -0.346646 -0.0673931 0.149257 0.56112 -0.814167 0.320043 0.751652 0.576707 
36.4759 3107.12 -782.172 1015.4 0.935572 -0.346646 -0.0673931 0.149257 0.56112 -0.814167 0.320043 0.751652 0.576707 
36.4622 3107.12 -782.172 1015.4 0.935572 -0.346646 -0.0673931 0.149257 0.56112 -0.814167 0.320043 0.751652 0.576707 
36.4487 3107.12 -782.172 1015.4 0.935572 -0.346646 -0.0673931 0.149257 0.56112 -0.814167 0.320043 0.751652 0.576707 
36.4352 3107.12 -782.172 1015.4 0.935572 -0.346646 -0.0673931 0.149257 0.56112 -0.814167 0.320043 0.751652 0.576707 
36.4219 3107.12 -782.172 1015.4 0.935572 -0.346646 -0.0673931 0.149257 0.56112 -0.814167 0.320043 0.751652 0.576707 
36.4088 3107.12 -782.172 1015.4 0.935572 -0.346646 -0.0673931 0.149257 0.56112 -0.814167 0.320043 0.751652 0.576707 
36.3959 3107.12 -782.172 1015.4 0.935572 -0.346646 -0.0673931 0.149257 0.56112 -0.814167 0.320043 0.751652 0.576707 
36.3831 3107.12 -782.172 1015.4 0.935572 -0.346646 -0.0673931 0.149257 0.56112 -0.814167 0.320043 0.751652 0.576707 
36.3705 3107.12 -782.172 1015.4 0.935572 -0.346646 -0.0673931 0.149257 0.56112 -0.814167 0.320043 0.751652 0.576707 
36.3582 3107.12 -782.172 1015.4 0.935572 -0.346646 -0.0673931 0.149257 0.56112 -0.814167 0.320043 0.751652 0.576707 
36.346 3107.12 -782.172 1015.4 0.935572 -0.346646 -0.0673931 0.149257 0.56112 -0.814167 0.320043 0.751652 0.576707 
36.3341 3107.12 -782.172 1015.4 0.935572 -0.346646 -0.0673931 0.149257 0.56112 -0.814167 0.320043 0.751652 0.576707 
36.3224 3107.12 -782.172 1015.4 0.935572 -0.346646 -0.0673931 0.149257 0.56112 -0.814167 0.320043 0.751652 0.576707 
36.311 3107.12 -782.172 1015.4 0.935572 -0.346646 -0.0673931 0.149257 0.56112 -0.814167 0.320043 0.751652 0.576707 
36.2999 3107.12 -782.172 1015.4 0.935572 -0.346646 -0.0673931 0.149257 0.56112 -0.814167 0.320043 0.751652 0.576707 
36.289 3107.12 -782.172 1015.4 0.935572 -0.346646 -0.0673931 0.149257 0.56112 -0.814167 0.320043 0.751652 0.576707 
36.2784 3107.12 -782.172 1015.4 0.935572 -0.346646 -0.0673931 0.149257 0.56112 -0.814167 0.320043 0.751652 0.576707 
36.2681 3107.12 -782.172 1015.4 0.935572 -0.346646 -0.0673931 0.149257 0.56112 -0.814167 0.320043 0.751652 0.576707 
36.2581 3107.12 -782.172 1015.4 0.935572 -0.346646 -0.0673931 0.149257 0.56112 -0.814167 0.320043 0.751652 0.576707 
36.2484 3107.12 -782.172 1015.4 0.935572 -0.346646 -0.0673931 0.149257 0.56112 -0.814167 0.320043 0.751652 0.576707 
36.2391 3107.12 -782.172 1015.4 0.935572 -0.346646 -0.0673931 0.149257 0.56112 -0.814167 0.320043 0.751652 0.576707 
36.2301 3107.12 -782.172 1015.4 0.935572 -0.346646 -0.0673931 0.149257 0.56112 -0.814167 0.320043 0.751652 0.576707 
36.2215 3107.12 -782.172 1015.4 0.935572 -0.346646 -0.0673931 0.149257 0.56112 -0.814167 0.320043 0.751652 0.576707 
36.2132 3107.12 -782.172 1015.4 0.935572 -0.346646 -0.0673931 0.149257 0.56112 -0.814167 0.320043 0.751652 0.576707 
36.2053 3107.12 -782.172 1015.4 0.935572 -0.346646 -0.0673931 0.149257 0.56112 -0.814167 0.320043 0.751652 0.576707 
36.1978 3107.12 -782.172 1015.4 0.935572 -0.346646 -0.0673931 0.149257 0.56112 -0.814167 0.320043 0.751652 0.576707 
36.1907 3107.12 -782.172 1015.4 0.935572 -0.346646 -0.0673931 0.149257 0.56112 -0.814167 0.320043 0.751652 0.576707 
36.184 3107.12 -782.172 1015.4 0.935572 -0.346646 -0.0673931 0.149257 0.56112 -0.814167 0.320043 0.751652 0.576707 
36.1778 3107.12 -782.172 1015.4 0.935572 -0.346646 -0.0673931 0.149257 0.56112 -0.814167 0.320043 0.751652 0.576707 
36.1719 3107.12 -782.172 1015.4 0.935572 -0.346646 -0.0673931 0.149257 0.56112 -0.814167 0.320043 0.751652 0.576707 
36.1666 3107.12 -782.172 1015.4 0.935572 -0.346646 -0.0673931 0.149257 0.56112 -0.814167 0.320043 0.751652 0.576707 
36.1616 3107.12 -782.172 1015.4 0.935572 -0.346646 -0.0673931 0.149257 0.56112 -0.814167 0.320043 0.751652 0.576707 
36.1572 3107.12 -782.172 1015.4 0.935572 -0.346646 -0.0673931 0.149257 0.56112 -0.814167 0.320043 0.751652 0.576707 
36.1532 3107.12 -782.172 1015.4 0.935572 -0.346646 -0.0673931 0.149257 0.56112 -0.814167 0.320043 0.751652 0.576707 
36.1497 3107.12 -782.172 1015.4 0.935572 -0.346646 -0.0673931 0.149257 0.56112 -0.814167 0.320043 0.751652 0.576707 
36.1468 3107.12 -782.172 1015.4 0.935572 -0.346646 -0.0673931 0.149257 0.56112 -0.814167 0.320043 0.751652 0.576707 
36.1443 3107.12 -782.172 1015.4 0.935572 -0.346646 -0.0673931 0.149257 0.56112 -0.814167 0.320043 0.751652 0.576707 
36.1424 3107.12 -782.172 1015.4 0.935572 -0.346646 -0.0673931 0.149257 0.56112 -0.814167 0.320043 0.751652 0.576707 
36.141 3107.12 -782.172 1015.4 0.935572 -0.346646 -0.0673931 0.149257 0.56112 -0.814167 0.320043 0.751652 0.576707 
36.1401 3107.12 -782.172 1015.4 0.935572 -0.346646 -0.0673931 0.149257 0.56112 -0.814167 0.320043 0.751652 0.576707 
36.1398 3107.12 -782.172 1015.4 0.935572 -0.346646 -0.0673931 0.149257 0.56112 -0.814167 0.320043 0.751652 0.576707 
36.1398 3107.12 -782.172 1015.4 0.935572 -0.346646 -0.0673931 0.149257 0.56112 -0.814167 0.320043 0.751652 0.576707 
36.1398 3107.12 -782.172 1015.4 0.935572 -0.346646 -0.0673931 0.149257 0.56112 -0.814167 0.320043 0.751652 0.576707 
36.1398 3107.12 -782.172 1015.4 0.935572 -0.346646 -0.0673931 0.149257 0.56112 -0.814167 0.320043 0.751652 0.576707 
36.1398 3107.12 -782.172 1015.4 0.935572 -0.346646 -0.0673931 0.149257 0.56112 -0.814167 0.320043 0.751652 0.576707 
36.1398 3107.12 -782.172 1015.4 0.935572 -0.346646 -0.0673931 0.149257 0.56112 -0.814167 0.320043 0.751652 0.576707 
36.1398 3107.12 -782.172 1015.4 0.935572 -0.346646 -0.0673931 0.149257 0.56112 -0.814167 0.320043 0.751652 0.576707 
36.1398 3107.12 -782.172 1015.4 0.935572 -0.346646 -0.0673931 0.149257 0.56112 -0.814167 0.320043 0.751652 0.576707 
36.1398 3107.12 -782.172 1015.4 0.935572 -0.346646 -0.0673931 0.149257 0.56112 -0.814167 0.320043 0.751652 0.576707 
36.1398 3107.12 -782.172 1015.4 0.935572 -0.346646 -0.0673931 0.149257 0.56112 -0.814167 0.320043 0.751652 0.576707 
36.1398 3107.12 -782.172 1015.4 0.935572 -0.346646 -0.0673931 0.149257 0.56112 -0.814167 0.320043 0.751652 0.576707 
36.1398 3107.12 -782.172 1015.4 0.935572 -0.346646 -0.0673931 0.149257 0.56112 -0.814167 0.320043 0.751652 0.576707 
36.1403 3107.12 -782.172 1015.4 0.935572 -0.346646 -0.0673931 0.149257 0.56112 -0.814167 0.320043 0.751652 0.576707 
36.1407 3107.12 -782.172 1015.4 0.935572 -0.346646 -0.0673931 0.149257 0.56112 -0.814167 0.320043 0.751652 0.576707 
36.1416 3107.12 -782.172 1015.4 0.935572 -0.346646 -0.0673931 0.149257 0.56112 -0.814167 0.320043 0.751652 0.576707 
36.1433 3107.12 -782.172 1015.4 0.935572 -0.346646 -0.0673931 0.149257 0.56112 -0.814167 0.320043 0.751652 0.576707 
36.1459 3107.12 -782.172 1015.4 0.935572 -0.346646 -0.0673931 0.149257 0.56112 -0.814167 0.320043 0.751652 0.576707 
36.1494 3107.12 -782.172 1015.4 0.935572 -0.346646 -0.0673931 0.149257 0.56112 -0.814167 0.320043 0.751652 0.576707 
36.1542 3107.12 -782.172 1015.4 0.935572 -0.346646 -0.0673931 0.149257 0.56112 -0.814167 0.320043 0.751652 0.576707 
36.1604 3107.12 -782.172 1015.4 0.935572 -0.346646 -0.0673931 0.149257 0.56112 -0.814167 0.320043 0.751652 0.576707 
36.1684 3107.12 -782.172 1015.4 0.935572 -0.346646 -0.0673931 0.149257 0.56112 -0.814167 0.320043 0.751652 0.576707 
36.1779 3107.12 -782.172 1015.4 0.935572 -0.346646 -0.0673931 0.149257 0.56112 -0.814167 0.320043 0.751652 0.576707 
36.1899 3107.12 -782.172 1015.4 0.935572 -0.346646 -0.0673931 0.149257 0.56112 -0.814167 0.320043 0.751652 0.576707 
36.2039 3107.12 -782.172 1015.4 0.935572 -0.346646 -0.0673931 0.149257 0.56112 -0.814167 0.320043 0.751652 0.576707 
36.2206 3107.12 -782.172 1015.4 0.935572 -0.346646 -0.0673931 0.149257 0.56112 -0.814167 0.320043 0.751652 0.576707 
36.2406 3107.12 -782.172 1015.4 0.935572 -0.346646 -0.0673931 0.149257 0.56112 -0.814167 0.320043 0.751652 0.576707 
36.2636 3107.12 -782.172 1015.4 0.935572 -0.346646 -0.0673931 0.149257 0.56112 -0.814167 0.320043 0.751652 0.576707 
36.2903 3107.12 -782.172 1015.4 0.935572 -0.346646 -0.0673931 0.149257 0.56112 -0.814167 0.320043 0.751652 0.576707 
36.3216 3107.12 -782.172 1015.4 0.935572 -0.346646 -0.0673931 0.149257 0.56112 -0.814167 0.320043 0.751652 0.576707 
36.3572 3107.12 -782.172 1015.4 0.935572 -0.346646 -0.0673931 0.149257 0.56112 -0.814167 0.320043 0.751652 0.576707 
36.3981 3107.12 -782.172 1015.4 0.935572 -0.346646 -0.0673931 0.149257 0.56112 -0.814167 0.320043 0.751652 0.576707 
36.4452 3107.12 -782.172 1015.4 0.935572 -0.346646 -0.0673931 0.149257 0.56112 -0.814167 0.320043 0.751652 0.576707 
36.4992 3107.12 -782.172 1015.4 0.935572 -0.346646 -0.0673931 0.149257 0.56112 -0.814167 0.320043 0.751652 0.576707 
36.5606 3107.12 -782.172 1015.4 0.935572 -0.346646 -0.0673931 0.149257 0.56112 -0.814167 0.320043 0.751652 0.576707 
36.6306 3107.12 -782.172 1015.4 0.935572 -0.346646 -0.0673931 0.149257 0.56112 -0.814167 0.320043 0.751652 0.576707 
36.7095 3107.12 -782.172 1015.4 0.935572 -0.346646 -0.0673931 0.149257 0.56112 -0.814167 0.320043 0.751652 0.576707 
36.7993 3107.12 -782.172 1015.4 0.935572 -0.346646 -0.0673931 0.149257 0.56112 -0.814167 0.320043 0.751652 0.576707 
36.9003 3107.12 -782.172 1015.4 0.935572 -0.346646 -0.0673931 0.149257 0.56112 -0.814167 0.320043 0.751652 0.576707 
37.0144 3107.12 -782.172 1015.4 0.935572 -0.346646 -0.0673931 0.149257 0.56112 -0.814167 0.320043 0.751652 0.576707 
37.1434 3107.12 -782.172 1015.4 0.935572 -0.346646 -0.0673931 0.149257 0.56112 -0.814167 0.320043 0.751652 0.576707 
37.2877 3107.12 -782.172 1015.4 0.935572 -0.346646 -0.0673931 0.149257 0.56112 -0.814167 0.320043 0.751652 0.576707 
37.4495 3107.12 -782.172 1015.4 0.935572 -0.346646 -0.0673931 0.149257 0.56112 -0.814167 0.320043 0.751652 0.576707 
37.6302 3107.12 -782.172 1015.4 0.935572 -0.346646 -0.0673931 0.149257 0.56112 -0.814167 0.320043 0.751652 0.576707 
37.8323 3107.12 -782.172 1015.4 0.935572 -0.346646 -0.0673931 0.149257 0.56112 -0.814167 0.320043 0.751652 0.576707 
38.0564 3107.12 -782.172 1015.4 0.935572 -0.346646 -0.0673931 0.149257 0.56112 -0.814167 0.320043 0.751652 0.576707 
38.3063 3107.12 -782.172 1015.4 0.935572 -0.346646 -0.0673931 0.149257 0.56112 -0.814167 0.320043 0.751652 0.576707 
38.584 3107.12 -782.172 1015.4 0.935572 -0.346646 -0.0673931 0.149257 0.56112 -0.814167 0.320043 0.751652 0.576707 
38.8899 3107.12 -782.172 1015.4 0.935572 -0.346646 -0.0673931 0.149257 0.56112 -0.814167 0.320043 0.751652 0.576707 
39.2286 3107.12 -782.172 1015.4 0.935572 -0.346646 -0.0673931 0.149257 0.56112 -0.814167 0.320043 0.751652 0.576707 
39.6008 3107.12 -782.172 1015.4 0.935572 -0.346646 -0.0673931 0.149257 0.56112 -0.814167 0.320043 0.751652 0.576707 
40.0099 3107.12 -782.172 1015.4 0.935572 -0.346646 -0.0673931 0.149257 0.56112 -0.814167 0.320043 0.751652 0.576707 
40.4579 3107.12 -782.172 1015.4 0.935572 -0.346646 -0.0673931 0.149257 0.56112 -0.814167 0.320043 0.751652 0.576707 
40.9483 3107.12 -782.172 1015.4 0.935572 -0.346646 -0.0673931 0.149257 0.56112 -0.814167 0.320043 0.751652 0.576707 
41.4819 3107.12 -782.172 1015.4 0.935572 -0.346646 -0.0673931 0.149257 0.56112 -0.814167 0.320043 0.751652 0.576707 
42.0638 3107.12 -782.172 1015.4 0.935572 -0.346646 -0.0673931 0.149257 0.56112 -0.814167 0.320043 0.751652 0.576707 
42.6926 3107.12 -782.172 1015.4 0.935572 -0.346646 -0.0673931 0.149257 0.56112 -0.814167 0.320043 0.751652 0.576707 
43.3757 3107.12 -782.172 1015.4 0.935572 -0.346646 -0.0673931 0.149257 0.56112 -0.814167 0.320043 0.751652 0.576707 
44.1132 3107.12 -782.172 1015.4 0.935572 -0.346646 -0.0673931 0.149257 0.56112 -0.814167 0.320043 0.751652 0.576707 
44.907 3107.12 -782.172 1015.4 0.935572 -0.346646 -0.0673931 0.149257 0.56112 -0.814167 0.320043 0.751652 0.576707 
45.7587 3107.12 -782.172 1015.4 0.935572 -0.346646 -0.0673931 0.149257 0.56112 -0.814167 0.320043 0.751652 0.576707 
46.6718 3107.12 -782.172 1015.4 0.935572 -0.346646 -0.0673931 0.149257 0.56112 -0.814167 0.320043 0.751652 0.576707 
47.6502 3107.12 -782.172 1015.4 0.935572 -0.346646 -0.0673931 0.149257 0.56112 -0.814167 0.320043 0.751652 0.576707 
48.6931 3107.12 -782.172 1015.4 0.935572 -0.346646 -0.0673931 0.149257 0.56112 -0.814167 0.320043 0.751652 0.576707 
49.804 3107.12 -782.172 1015.4 0.935572 -0.346646 -0.0673931 0.149257 0.56112 -0.814167 0.320043 0.751652 0.576707 
50.984 3107.12 -782.172 1015.4 0.935572 -0.346646 -0.0673931 0.149257 0.56112 -0.814167 0.320043 0.751652 0.576707 
52.2341 3107.12 -782.172 1015.4 0.935572 -0.346646 -0.0673931 0.149257 0.56112 -0.814167 0.320043 0.751652 0.576707 
53.5576 3107.12 -782.172 1015.4 0.935572 -0.346646 -0.0673931 0.149257 0.56112 -0.814167 0.320043 0.751652 0.576707 
54.9552 3107.12 -782.172 1015.4 0.935572 -0.346646 -0.0673931 0.149257 0.56112 -0.814167 0.320043 0.751652 0.576707 
56.4278 3107.12 -782.172 1015.4 0.935572 -0.346646 -0.0673931 0.149257 0.56112 -0.814167 0.320043 0.751652 0.576707 
57.9755 3107.12 -782.172 1015.4 0.935572 -0.346646 -0.0673931 0.149257 0.56112 -0.814167 0.320043 0.751652 0.576707 
58.9769 3116.53 -779.982 1007.28 0.976886 0.115166 0.180087 -0.194634 0.827545 0.526581 -0.0883857 -0.54946 0.830832 
59.9249 3116.53 -779.982 1007.28 0.976886 0.115166 0.180087 -0.194634 0.827545 0.526581 -0.0883857 -0.54946 0.830832 
60.9622 3116.53 -779.982 1007.28 0.976886 0.115166 0.180087 -0.194634 0.827545 0.526581 -0.0883857 -0.54946 0.830832 
62.0939 3116.53 -779.982 1007.28 0.976886 0.115166 0.180087 -0.194634 0.827545 0.526581 -0.0883857 -0.54946 0.830832 
63.3223 3116.53 -779.982 1007.28 0.976886 0.115166 0.180087 -0.194634 0.827545 0.526581 -0.0883857 -0.54946 0.830832 
64.6492 3116.53 -779.982 1007.28 0.976886 0.115166 0.180087 -0.194634 0.827545 0.526581 -0.0883857 -0.54946 0.830832 
64.1776 3111.84 -778.95 1005.33 0.990565 -0.103546 -0.089768 0.0687581 0.942158 -0.328041 0.118543 0.318773 0.940389 
62.8118 3111.84 -778.95 1005.33 0.990565 -0.103546 -0.089768 0.0687581 0.942158 -0.328041 0.118543 0.318773 0.940389 
61.4856 3111.84 -778.95 1005.33 0.990565 -0.103546 -0.089768 0.0687581 0.942158 -0.328041 0.118543 0.318773 0.940389 
60.2078 3111.84 -778.95 1005.33 0.990565 -0.103546 -0.089768 0.0687581 0.942158 -0.328041 0.118543 0.318773 0.940389 
58.9916 3111.84 -778.95 1005.33 0.990565 -0.103546 -0.089768 0.0687581 0.942158 -0.328041 0.118543 0.318773 0.940389 
56.7494 3102.47 -788.277 1002.84 0.995722 0.083487 0.0396019 -0.0907933 0.963621 0.251378 -0.0171744 -0.253898 0.967078 
54.3889 3102.47 -788.277 1002.84 0.995722 0.083487 0.0396019 -0.0907933 0.963621 0.251378 -0.0171744 -0.253898 0.967078 
52.0228 3102.47 -788.277 1002.84 0.995722 0.083487 0.0396019 -0.0907933 0.963621 0.251378 -0.0171744 -0.253898 0.967078 
49.6638 3102.47 -788.277 1002.84 0.995722 0.083487 0.0396019 -0.0907933 0.963621 0.251378 -0.0171744 -0.253898 0.967078 
47.325 3102.47 -788.277 1002.84 0.995722 0.083487 0.0396019 -0.0907933 0.963621 0.251378 -0.0171744 -0.253898 0.967078 
45.026 3102.47 -788.277 1002.84 0.995722 0.083487 0.0396019 -0.0907933 0.963621 0.251378 -0.0171744 -0.253898 0.967078 
42.7908 3102.47 -788.277 1002.84 0.995722 0.083487 0.0396019 -0.0907933 0.963621 0.251378 -0.0171744 -0.253898 0.967078 
40.6489 3102.47 -788.277 1002.84 0.995722 0.083487 0.0396019 -0.0907933 0.963621 0.251378 -0.0171744 -0.253898 0.967078 
38.6345 3102.47 -788.277 1002.84 0.995722 0.083487 0.0396019 -0.0907933 0.963621 0.251378 -0.0171744 -0.253898 0.967078 
36.7915 3102.47 -788.277 1002.84 0.995722 0.083487 0.0396019 -0.0907933 0.963621 0.251378 -0.0171744 -0.253898 0.967078 
35.1714 3102.47 -788.277 1002.84 0.995722 0.083487 0.0396019 -0.0907933 0.963621 0.251378 -0.0171744 -0.253898 0.967078 
33.8325 3102.47 -788.277 1002.84 0.995722 0.083487 0.0396019 -0.0907933 0.963621 0.251378 -0.0171744 -0.253898 0.967078 
32.8368 3102.47 -788.277 1002.84 0.995722 0.083487 0.0396019 -0.0907933 0.963621 0.251378 -0.0171744 -0.253898 0.967078 
32.2444 3102.47 -788.277 1002.84 0.995722 0.083487 0.0396019 -0.0907933 0.963621 0.251378 -0.0171744 -0.253898 0.967078 
32.1086 3102.47 -788.277 1002.84 0.995722 0.083487 0.0396019 -0.0907933 0.963621 0.251378 -0.0171744 -0.253898 0.967078 
32.4662 3102.47 -788.277 1002.84 0.995722 0.083487 0.0396019 -0.0907933 0.963621 0.251378 -0.0171744 -0.253898 0.967078 
33.3328 3102.47 -788.277 1002.84 0.995722 0.083487 0.0396019 -0.0907933 0.963621 0.251378 -0.0171744 -0.253898 0.967078 
34.7003 3102.47 -788.277 1002.84 0.995722 0.083487 0.0396019 -0.0907933 0.963621 0.251378 -0.0171744 -0.253898 0.967078 
36.5437 3102.47 -788.277 1002.84 0.995722 0.083487 0.0396019 -0.0907933 0.963621 0.251378 -0.0171744 -0.253898 0.967078 
38.8243 3102.47 -788.277 1002.84 0.995722 0.083487 0.0396019 -0.0907933 0.963621 0.251378 -0.0171744 -0.253898 0.967078 
41.4981 3102.47 -788.277 1002.84 0.995722 0.083487 0.0396019 -0.0907933 0.963621 0.251378 -0.0171744 -0.253898 0.967078 
44.523 3102.47 -788.277 1002.84 0.995722 0.083487 0.0396019 -0.0907933 0.963621 0.251378 -0.0171744 -0.253898 0.967078 
47.8568 3102.47 -788.277 1002.84 0.995722 0.083487 0.0396019 -0.0907933 0.963621 0.251378 -0.0171744 -0.253898 0.967078 
49.3645 3101.18 -785.079 994.639 0.987284 0.127903 0.0944025 -0.156321 0.889054 0.430287 -0.028894 -0.439572 0.897743 
48.8186 3101.18 -785.079 994.639 0.987284 0.127903 0.0944025 -0.156321 0.889054 0.430287 -0.028894 -0.439572 0.897743 
48.7498 3101.18 -785.079 994.639 0.987284 0.127903 0.0944025 -0.156321 0.889054 0.430287 -0.028894 -0.439572 0.897743 
49.1876 3101.18 -785.079 994.639 0.987284 0.127903 0.0944025 -0.156321 0.889054 0.430287 -0.028894 -0.439572 0.897743 
47.5015 3115.99 -787.182 1001.24 0.96171 -0.230196 -0.148742 0.0959157 0.791083 -0.604143 0.256739 0.566743 0.782871 
42.7221 3115.99 -787.182 1001.24 0.96171 -0.230196 -0.148742 0.0959157 0.791083 -0.604143 0.256739 0.566743 0.782871 
37.971 3115.99 -787.182 1001.24 0.96171 -0.230196 -0.148742 0.0959157 0.791083 -0.604143 0.256739 0.566743 0.782871 
33.3049 3115.99 -787.182 1001.24 0.96171 -0.230196 -0.148742 0.0959157 0.791083 -0.604143 0.256739 0.566743 0.782871 
28.8197 3115.99 -787.182 1001.24 0.96171 -0.230196 -0.148742 0.0959157 0.791083 -0.604143 0.256739 0.566743 0.782871 
24.6755 3115.99 -787.182 1001.24 0.96171 -0.230196 -0.148742 0.0959157 0.791083 -0.604143 0.256739 0.566743 0.782871 
20.4248 3115.83 -787.244 1001.83 0.967909 -0.202651 -0.148612 0.0915892 0.835161 -0.542325 0.234018 0.51131 0.826921 
16.7091 3115.83 -787.244 1001.83 0.967909 -0.202651 -0.148612 0.0915892 0.835161 -0.542325 0.234018 0.51131 0.826921 
14.405 3115.83 -787.244 1001.83 0.967909 -0.202651 -0.148612 0.0915892 0.835161 -0.542325 0.234018 0.51131 0.826921 
14.341 3115.83 -787.244 1001.83 0.967909 -0.202651 -0.148612 0.0915892 0.835161 -0.542325 0.234018 0.51131 0.826921 
15.0041 3115.97 -787.097 1001.77 0.962148 -0.226203 -0.151997 0.0940595 0.799089 -0.593809 0.255781 0.557036 0.790119 
12.597 3102.83 -779.488 1015.56 0.772942 -0.267023 0.575552 -0.523376 -0.781124 0.340475 0.358662 -0.564398 -0.743517 
9.0567 3102.83 -779.488 1015.56 0.772942 -0.267023 0.575552 -0.523376 -0.781124 0.340475 0.358662 -0.564398 -0.743517 
9.20588 3102.83 -779.488 1015.56 0.772942 -0.267023 0.575552 -0.523376 -0.781124 0.340475 0.358662 -0.564398 -0.743517 
12.3955 3105.09 -779.484 1015.84 0.790246 -0.198648 0.579698 -0.535763 -0.683145 0.496256 0.297438 -0.702746 -0.646281 
14.3707 3105.09 -779.484 1015.84 0.790246 -0.198648 0.579698 -0.535763 -0.683145 0.496256 0.297438 -0.702746 -0.646281 
18.679 3105.09 -779.484 1015.84 0.790246 -0.198648 0.579698 -0.535763 -0.683145 0.496256 0.297438 -0.702746 -0.646281 
24.1854 3105.09 -779.484 1015.84 0.790246 -0.198648 0.579698 -0.535763 -0.683145 0.496256 0.297438 -0.702746 -0.646281 
30.3145 3105.09 -779.484 1015.84 0.790246 -0.198648 0.579698 -0.535763 -0.683145 0.496256 0.297438 -0.702746 -0.646281 
36.8158 3105.09 -779.484 1015.84 0.790246 -0.198648 0.579698 -0.535763 -0.683145 0.496256 0.297438 -0.702746 -0.646281 
43.571 3105.09 -779.484 1015.84 0.790246 -0.198648 0.579698 -0.535763 -0.683145 0.496256 0.297438 -0.702746 -0.646281 
50.5248 3105.09 -779.484 1015.84 0.790246 -0.198648 0.579698 -0.535763 -0.683145 0.496256 0.297438 -0.702746 -0.646281 
46.7691 3109.4 -778.183 1012.73 0.983681 -0.0873332 -0.157306 0.0498371 0.972343 -0.228179 0.172883 0.216616 0.960827 
40.3618 3109.4 -778.183 1012.73 0.983681 -0.0873332 -0.157306 0.0498371 0.972343 -0.228179 0.172883 0.216616 0.960827 
34.281 3109.4 -778.183 1012.73 0.983681 -0.0873332 -0.157306 0.0498371 0.972343 -0.228179 0.172883 0.216616 0.960827 
28.8229 3109.4 -778.183 1012.73 0.983681 -0.0873332 -0.157306 0.0498371 0.972343 -0.228179 0.172883 0.216616 0.960827 
24.4245 3105.47 -776.803 1011.27 0.902207 -0.403796 -0.151564 0.0481208 0.443456 -0.895003 0.428611 0.800185 0.41952 
16.7732 3105.47 -776.803 1011.27 0.902207 -0.403796 -0.151564 0.0481208 0.443456 -0.895003 0.428611 0.800185 0.41952 
9.3687 3105.47 -776.803 1011.27 0.902207 -0.403796 -0.151564 0.0481208 0.443456 -0.895003 0.428611 0.800185 0.41952 
4.59649 3105.47 -776.803 1011.27 0.902207 -0.403796 -0.151564 0.0481208 0.443456 -0.895003 0.428611 0.800185 0.41952 
9.30923 3105.47 -776.803 1011.27 0.902207 -0.403796 -0.151564 0.0481208 0.443456 -0.895003 0.428611 0.800185 0.41952 
17.0275 3105.47 -776.803 1011.27 0.902207 -0.403796 -0.151564 0.0481208 0.443456 -0.895003 0.428611 0.800185 0.41952 
18.6488 3107.34 -776.815 1010.22 0.929294 -0.31221 -0.197325 0.0612774 0.657189 -0.751231 0.364222 0.686023 0.629854 
10.2641 3107.34 -776.815 1010.22 0.929294 -0.31221 -0.197325 0.0612774 0.657189 -0.751231 0.364222 0.686023 0.629854 
2.79472 3107.34 -776.815 1010.22 0.929294 -0.31221 -0.197325 0.0612774 0.657189 -0.751231 0.364222 0.686023 0.629854 
7.81371 3107.34 -776.815 1010.22 0.929294 -0.31221 -0.197325 0.0612774 0.657189 -0.751231 0.364222 0.686023 0.629854 
16.4604 3107.34 -776.815 1010.22 0.929294 -0.31221 -0.197325 0.0612774 0.657189 -0.751231 0.364222 0.686023 0.629854 
9.12288 3102.88 -775.288 1013.45 0.982692 0.147129 0.11256 -0.184419 0.71961 0.669441 0.0174946 -0.678612 0.734288 
6.39963 3102.88 -775.288 1013.45 0.982692 0.147129 0.11256 -0.184419 0.71961 0.669441 0.0174946 -0.678612 0.734288 
9.51768 3102.57 -775.78 1014.49 0.962686 0.151955 0.223931 -0.270033 0.484911 0.831832 0.017814 -0.861262 0.507849 
14.0057 3102.57 -775.78 1014.49 0.962686 0.151955 0.223931 -0.270033 0.484911 0.831832 0.017814 -0.861262 0.507849 
21.9024 3102.57 -775.78 1014.49 0.962686 0.151955 0.223931 -0.270033 0.484911 0.831832 0.017814 -0.861262 0.507849 
30.7874 3102.57 -775.78 1014.49 0.962686 0.151955 0.223931 -0.270033 0.484911 0.831832 0.017814 -0.861262 0.507849 
35.3653 3105.84 -780.07 1014.1 0.901024 -0.380111 -0.208976 0.0139629 0.506934 -0.861872 0.433544 0.77365 0.462067 
25.7338 3105.84 -780.07 1014.1 0.901024 -0.380111 -0.208976 0.0139629 0.506934 -0.861872 0.433544 0.77365 0.462067 
16.1636 3105.84 -780.07 1014.1 0.901024 -0.380111 -0.208976 0.0139629 0.506934 -0.861872 0.433544 0.77365 0.462067 
7.40059 3105.84 -780.07 1014.1 0.901024 -0.380111 -0.208976 0.0139629 0.506934 -0.861872 0.433544 0.77365 0.462067 
7.05609 3105.84 -780.07 1014.1 0.901024 -0.380111 -0.208976 0.0139629 0.506934 -0.861872 0.433544 0.77365 0.462067 
15.9204 3105.84 -780.07 1014.1 0.901024 -0.380111 -0.208976 0.0139629 0.506934 -0.861872 0.433544 0.77365 0.462067 
25.9398 3105.84 -780.07 1014.1 0.901024 -0.380111 -0.208976 0.0139629 0.506934 -0.861872 0.433544 0.77365 0.462067 
36.2688 3105.84 -780.07 1014.1 0.901024 -0.380111 -0.208976 0.0139629 0.506934 -0.861872 0.433544 0.77365 0.462067 
46.7853 3105.84 -780.07 1014.1 0.901024 -0.380111 -0.208976 0.0139629 0.506934 -0.861872 0.433544 0.77365 0.462067 
57.4474 3105.84 -780.07 1014.1 0.901024 -0.380111 -0.208976 0.0139629 0.506934 -0.861872 0.433544 0.77365 0.462067 
68.2451 3105.84 -780.07 1014.1 0.901024 -0.380111 -0.208976 0.0139629 0.506934 -0.861872 0.433544 0.77365 0.462067 
71.5431 3101.3 -776.822 997.018 0.850924 -0.500353 -0.159923 -0.0929717 0.156184 -0.983343 0.516996 0.851618 0.086382 
62.9533 3101.3 -776.822 997.018 0.850924 -0.500353 -0.159923 -0.0929717 0.156184 -0.983343 0.516996 0.851618 0.086382 
55.1611 3101.3 -776.822 997.018 0.850924 -0.500353 -0.159923 -0.0929717 0.156184 -0.983343 0.516996 0.851618 0.086382 
48.6385 3101.3 -776.822 997.018 0.850924 -0.500353 -0.159923 -0.0929717 0.156184 -0.983343 0.516996 0.851618 0.086382 
44.0483 3101.3 -776.822 997.018 0.850924 -0.500353 -0.159923 -0.0929717 0.156184 -0.983343 0.516996 0.851618 0.086382 
42.1235 3101.3 -776.822 997.018 0.850924 -0.500353 -0.159923 -0.0929717 0.156184 -0.983343 0.516996 0.851618 0.086382 
43.3179 3101.3 -776.822 997.018 0.850924 -0.500353 -0.159923 -0.0929717 0.156184 -0.983343 0.516996 0.851618 0.086382 
47.4849 3101.3 -776.822 997.018 0.850924 -0.500353 -0.159923 -0.0929717 0.156184 -0.983343 0.516996 0.851618 0.086382 
54.0201 3101.3 -776.822 997.018 0.850924 -0.500353 -0.159923 -0.0929717 0.156184 -0.983343 0.516996 0.851618 0.086382 
62.2513 3101.3 -776.822 997.018 0.850924 -0.500353 -0.159923 -0.0929717 0.156184 -0.983343 0.516996 0.851618 0.086382 
71.6527 3101.3 -776.822 997.018 0.850924 -0.500353 -0.159923 -0.0929717 0.156184 -0.983343 0.516996 0.851618 0.086382 
80.5888 3108.96 -778.363 998.419 0.864734 -0.435584 -0.250005 -0.0644758 0.397388 -0.915383 0.498075 0.807682 0.31555 
76.1596 3108.96 -778.363 998.419 0.864734 -0.435584 -0.250005 -0.0644758 0.397388 -0.915383 0.498075 0.807682 0.31555 
73.5498 3108.96 -778.363 998.419 0.864734 -0.435584 -0.250005 -0.0644758 0.397388 -0.915383 0.498075 0.807682 0.31555 
73.0187 3108.96 -778.363 998.419 0.864734 -0.435584 -0.250005 -0.0644758 0.397388 -0.915383 0.498075 0.807682 0.31555 
61.6703 3109.92 -779.521 998.836 0.913864 -0.239069 -0.328176 -0.0175959 0.784194 -0.620267 0.40564 0.572614 0.71244 
48.8189 3109.92 -779.521 998.836 0.913864 -0.239069 -0.328176 -0.0175959 0.784194 -0.620267 0.40564 0.572614 0.71244 
35.8819 3109.92 -779.521 998.836 0.913864 -0.239069 -0.328176 -0.0175959 0.784194 -0.620267 0.40564 0.572614 0.71244 
22.9164 3109.92 -779.521 998.836 0.913864 -0.239069 -0.328176 -0.0175959 0.784194 -0.620267 0.40564 0.572614 0.71244 
10.298 3109.92 -779.521 998.836 0.913864 -0.239069 -0.328176 -0.0175959 0.784194 -0.620267 0.40564 0.572614 0.71244 
6.33351 3109.92 -779.521 998.836 0.913864 -0.239069 -0.328176 -0.0175959 0.784194 -0.620267 0.40564 0.572614 0.71244 
8.89803 3111.45 -788.749 1003.63 0.872494 -0.388961 -0.295743 -0.0839261 0.476969 -0.874904 0.481364 0.788169 0.383509 
8.7374 3107.64 -782.111 1016.36 0.988305 0.152465 -0.00266458 -0.104032 0.686923 0.719246 0.11149 -0.710557 0.694751 
6.73321 3107.64 -782.111 1016.36 0.988305 0.152465 -0.00266458 -0.104032 0.686923 0.719246 0.11149 -0.710557 0.694751 
11.4337 3109.59 -779.25 999.594 0.976007 0.0696032 -0.206316 -0.0154526 0.967284 0.253225 0.217191 -0.243961 0.945151 
7.48095 3109.59 -779.25 999.594 0.976007 0.0696032 -0.206316 -0.0154526 0.967284 0.253225 0.217191 -0.243961 0.945151 
19.4554 3109.59 -779.25 999.594 0.976007 0.0696032 -0.206316 -0.0154526 0.967284 0.253225 0.217191 -0.243961 0.945151 
19.0306 3107.6 -786.68 1003.9 0.820138 -0.536762 0.198143 -0.420959 -0.800605 -0.42641 0.387515 0.266305 -0.882561 
8.5437 3110.17 -785.759 1013.21 0.821525 -0.54889 -0.154328 -0.249354 -0.102454 -0.962978 0.512757 0.829592 -0.221036 
10.2775 3110.17 -785.759 1013.21 0.821525 -0.54889 -0.154328 -0.249354 -0.102454 -0.962978 0.512757 0.829592 -0.221036 
6.31442 3103.17 -781.71 1015.9 0.986927 0.150336 -0.058092 -0.0711893 0.73 0.679729 0.144595 -0.666707 0.731159 
13.8684 3116.77 -779.728 1005.11 0.811406 -0.582026 -0.0535312 -0.329161 -0.379354 -0.864722 0.482983 0.719261 -0.499391 
4.7273 3107.39 -783.458 1014.87 0.858151 -0.38343 -0.341405 -0.121785 0.49398 -0.860902 0.498743 0.780362 0.377214 
10.8196 3116.99 -779.594 1003.73 0.812871 -0.582042 0.021611 -0.370977 -0.545992 -0.751178 0.449017 0.602594 -0.659746 
22.8769 3116.99 -779.594 1003.73 0.812871 -0.582042 0.021611 -0.370977 -0.545992 -0.751178 0.449017 0.602594 -0.659746 
26.5664 3116.72 -779.178 1004.96 0.815275 -0.576462 -0.054939 -0.348864 -0.413224 -0.841154 0.462191 0.704938 -0.537998 
24.6559 3116.72 -779.178 1004.96 0.815275 -0.576462 -0.054939 -0.348864 -0.413224 -0.841154 0.462191 0.704938 -0.537998 
28.4082 3099.9 -783.986 1014.98 0.955946 0.0628789 -0.286728 -0.00530962 0.980332 0.197282 0.293494 -0.187069 0.937479 
23.716 3099.9 -783.986 1014.98 0.955946 0.0628789 -0.286728 -0.00530962 0.980332 0.197282 0.293494 -0.187069 0.937479 
16.9013 3103.94 -780.001 1008.51 0.972232 0.116463 -0.202981 -0.00898074 0.8853 0.464934 0.233847 -0.450201 0.861763 
5.45957 3103.94 -780.001 1008.51 0.972232 0.116463 -0.202981 -0.00898074 0.8853 0.464934 0.233847 -0.450201 0.861763 
16.808 3103.94 -780.001 1008.51 0.972232 0.116463 -0.202981 -0.00898074 0.8853 0.464934 0.233847 -0.450201 0.861763 
23.833 3103.08 -778.577 1010.02 0.918097 -0.0659917 -0.390823 -0.00385978 0.984507 -0.175304 0.396337 0.162455 0.903618 
23.6709 3103.08 -778.577 1010.02 0.918097 -0.0659917 -0.390823 -0.00385978 0.984507 -0.175304 0.396337 0.162455 0.903618 
14.1718 3098.94 -777.158 1015.03 0.985582 0.150638 -0.07705 -0.0372744 0.637494 0.769553 0.165043 -0.755586 0.633917 
16.9566 3098.94 -777.158 1015.03 0.985582 0.150638 -0.07705 -0.0372744 0.637494 0.769553 0.165043 -0.755586 0.633917 
11.8785 3104.38 -779.15 1003.21 0.821054 -0.447599 -0.354295 -0.230857 0.307275 -0.923194 0.522087 0.839784 0.148958 
9.16473 3104.38 -779.15 1003.21 0.821054 -0.447599 -0.354295 -0.230857 0.307275 -0.923194 0.522087 0.839784 0.148958 
15.668 3107.26 -779.983 995.806 0.905691 -0.064183 -0.419052 -0.0186182 0.981497 -0.190568 0.423529 0.180398 0.887739 
5.48491 3107.26 -779.983 995.806 0.905691 -0.064183 -0.419052 -0.0186182 0.981497 -0.190568 0.423529 0.180398 0.887739 
19.9532 3107.26 -779.983 995.806 0.905691 -0.064183 -0.419052 -0.0186182 0.981497 -0.190568 0.423529 0.180398 0.887739 
36.9128 3107.26 -779.983 995.806 0.905691 -0.064183 -0.419052 -0.0186182 0.981497 -0.190568 0.423529 0.180398 0.887739 
31.6246 3102.77 -774.873 1013.86 0.992133 0.120675 0.0333231 -0.0680162 0.29611 0.952729 0.105103 -0.9475 0.301989 
18.9423 3103.09 -775.28 1014.39 0.986205 0.149382 -0.0713034 -0.0174571 0.522228 0.852627 0.164604 -0.83962 0.517632 
8.60665 3103.09 -775.28 1014.39 0.986205 0.149382 -0.0713034 -0.0174571 0.522228 0.852627 0.164604 -0.83962 0.517632 
15.0717 3103.69 -775.216 1014.19 0.967092 0.135498 -0.215343 0.0270626 0.786805 0.616607 0.252982 -0.602144 0.757247 
20.9947 3103.69 -775.216 1014.19 0.967092 0.135498 -0.215343 0.0270626 0.786805 0.616607 0.252982 -0.602144 0.757247 
36.0817 3103.69 -775.216 1014.19 0.967092 0.135498 -0.215343 0.0270626 0.786805 0.616607 0.252982 -0.602144 0.757247 
29.2794 3103.36 -776.203 1015.17 0.938161 0.0853857 -0.335504 0.042862 0.933005 0.357303 0.343536 -0.349588 0.871649 
17.6631 3102.45 -778.255 1006.84 0.835952 -0.218544 -0.503411 -0.121454 0.820873 -0.558047 0.535195 0.527642 0.659667 
6.97379 3102.45 -778.255 1006.84 0.835952 -0.218544 -0.503411 -0.121454 0.820873 -0.558047 0.535195 0.527642 0.659667 
21.5899 3102.45 -778.255 1006.84 0.835952 -0.218544 -0.503411 -0.121454 0.820873 -0.558047 0.535195 0.527642 0.659667 
39.5782 3103.32 -778.401 1005.07 0.7997 -0.403773 -0.444351 -0.259755 0.43457 -0.862367 0.541302 0.805057 0.242643 
28.0671 3106.29 -778.72 1013.37 0.781674 -0.560504 -0.273534 -0.435217 -0.176061 -0.882943 0.446735 0.809221 -0.381563 
10.0115 3106.29 -778.72 1013.37 0.781674 -0.560504 -0.273534 -0.435217 -0.176061 -0.882943 0.446735 0.809221 -0.381563 
11.3765 3106.29 -778.72 1013.37 0.781674 -0.560504 -0.273534 -0.435217 -0.176061 -0.882943 0.446735 0.809221 -0.381563 
20.4611 3102.17 -776.928 1006.4 0.813314 -0.576423 -0.0791 -0.503289 -0.628786 -0.59273 0.291926 0.521886 -0.801508 
14.8797 3102.17 -776.928 1006.4 0.813314 -0.576423 -0.0791 -0.503289 -0.628786 -0.59273 0.291926 0.521886 -0.801508 
27.7797 3102.17 -776.928 1006.4 0.813314 -0.576423 -0.0791 -0.503289 -0.628786 -0.59273 0.291926 0.521886 -0.801508 
23.7722 3111.1 -777.727 1010.08 0.8875 0.0438909 -0.458712 0.0271199 0.988753 0.147078 0.460008 -0.142972 0.876329 
11.5403 3111.1 -777.727 1010.08 0.8875 0.0438909 -0.458712 0.0271199 0.988753 0.147078 0.460008 -0.142972 0.876329 
21.8731 3111.1 -777.727 1010.08 0.8875 0.0438909 -0.458712 0.0271199 0.988753 0.147078 0.460008 -0.142972 0.876329 
27.1051 3107.76 -780.501 1007.41 0.826318 -0.10401 -0.553516 -0.0653987 0.958431 -0.277727 0.559393 0.26569 0.785167 
17.1762 3107.76 -780.501 1007.41 0.826318 -0.10401 -0.553516 -0.0653987 0.958431 -0.277727 0.559393 0.26569 0.785167 
12.1301 3108.07 -780.291 1007.32 0.813244 -0.126549 -0.567996 -0.0948675 0.934179 -0.343963 0.574138 0.33361 0.747709 
8.32746 3108.07 -780.291 1007.32 0.813244 -0.126549 -0.567996 -0.0948675 0.934179 -0.343963 0.574138 0.33361 0.747709 
7.61942 3110.28 -777.866 999.26 0.755333 -0.533977 -0.379922 -0.466848 -0.0315742 -0.883774 0.459919 0.844909 -0.273135 
19.6336 3110.21 -777.128 999.246 0.757333 -0.563224 -0.330494 -0.506831 -0.187816 -0.841337 0.411788 0.804676 -0.427698 
18.3101 3110.21 -777.128 999.246 0.757333 -0.563224 -0.330494 -0.506831 -0.187816 -0.841337 0.411788 0.804676 -0.427698 
11.9065 3105.21 -788.15 1001.77 0.766137 -0.578541 -0.279864 -0.540388 -0.344197 -0.767795 0.347873 0.739471 -0.576339 
11.6019 3105.21 -788.15 1001.77 0.766137 -0.578541 -0.279864 -0.540388 -0.344197 -0.767795 0.347873 0.739471 -0.576339 
31.6988 3105.21 -788.15 1001.77 0.766137 -0.578541 -0.279864 -0.540388 -0.344197 -0.767795 0.347873 0.739471 -0.576339 
14.0324 3102.56 -785.281 1012.23 0.974538 -0.192056 0.115716 -0.216998 -0.67789 0.702409 -0.0564589 -0.709634 -0.702305 
11.6267 3102.56 -785.281 1012.23 0.974538 -0.192056 0.115716 -0.216998 -0.67789 0.702409 -0.0564589 -0.709634 -0.702305 
31.326 3102.56 -785.281 1012.23 0.974538 -0.192056 0.115716 -0.216998 -0.67789 0.702409 -0.0564589 -0.709634 -0.702305 
20.8852 3112.14 -785.225 1012.75 0.950705 -0.295719 0.0933311 -0.302428 -0.817676 0.48984 -0.0685403 -0.493919 -0.866802 
13.7039 3112.14 -785.225 1012.75 0.950705 -0.295719 0.0933311 -0.302428 -0.817676 0.48984 -0.0685403 -0.493919 -0.866802 
6.31613 3111.41 -779.943 999.436 0.82139 0.0159713 -0.570143 0.0165782 0.998517 0.0518549 0.570126 -0.052045 0.819907 
11.4804 3111.07 -779.089 999.281 0.916998 0.145 -0.371605 0.147707 0.741937 0.653997 0.370537 -0.654602 0.658937 
15.4068 3107.8 -779.795 1001.27 0.721332 -0.54266 -0.430349 -0.554129 -0.0794441 -0.828631 0.415476 0.836187 -0.358009 
8.63507 3107.8 -779.795 1001.27 0.721332 -0.54266 -0.430349 -0.554129 -0.0794441 -0.828631 0.415476 0.836187 -0.358009 
27.63 3108.98 -776.988 1006.43 0.96432 0.131944 -0.229517 0.162664 0.388703 0.90689 0.208873 -0.911867 0.353372 
37.2723 3107.32 -788.207 1004.29 0.705512 -0.280803 -0.650694 -0.282618 0.730511 -0.621675 0.649908 0.622497 0.436025 
30.376 3112.15 -776.664 997.314 0.698121 -0.482867 -0.528645 -0.525581 0.155774 -0.83636 0.4862 0.861727 -0.145037 
22.2248 3109.59 -776.912 1009.33 0.86397 0.125921 -0.487545 0.140246 0.869741 0.473161 0.483618 -0.477173 0.73377 
32.3223 3109.59 -776.912 1009.33 0.86397 0.125921 -0.487545 0.140246 0.869741 0.473161 0.483618 -0.477173 0.73377 
30.923 3107.89 -778.6 999.009 0.693894 -0.49486 -0.523091 -0.550343 0.104004 -0.828436 0.464364 0.862726 -0.200175 
31.7658 3111.31 -775.747 999.883 0.954521 -0.298063 0.00690327 -0.259819 -0.820248 0.509595 -0.146229 -0.488213 -0.860387 
11.8229 3111.31 -775.747 999.883 0.954521 -0.298063 0.00690327 -0.259819 -0.820248 0.509595 -0.146229 -0.488213 -0.860387 
18.231 3111.31 -775.747 999.883 0.954521 -0.298063 0.00690327 -0.259819 -0.820248 0.509595 -0.146229 -0.488213 -0.860387 
35.8865 3110.65 -776.026 1000.39 0.900088 -0.432531 -0.0525211 -0.41581 -0.888732 0.193021 -0.130165 -0.151897 -0.979788 
