0
0
0
0
0
0
0
0
0
0
0
0
0
0
0
0
0
0
0
0
0
0
0
0
0
36.9459 3107.1200 -782.1720 1015.4000 0.9356 -0.3466 -0.0674 0.1493 0.5611 -0.8142 0.3200 0.7517 0.5767
36.9350 3107.1200 -782.1720 1015.4000 0.9356 -0.3466 -0.0674 0.1493 0.5611 -0.8142 0.3200 0.7517 0.5767
36.9239 3107.1200 -782.1720 1015.4000 0.9356 -0.3466 -0.0674 0.1493 0.5611 -0.8142 0.3200 0.7517 0.5767
36.9124 3107.1200 -782.1720 1015.4000 0.9356 -0.3466 -0.0674 0.1493 0.5611 -0.8142 0.3200 0.7517 0.5767
36.9007 3107.1200 -782.1720 1015.4000 0.9356 -0.3466 -0.0674 0.1493 0.5611 -0.8142 0.3200 0.7517 0.5767
36.8888 3107.1200 -782.1720 1015.4000 0.9356 -0.3466 -0.0674 0.1493 0.5611 -0.8142 0.3200 0.7517 0.5767
36.8766 3107.1200 -782.1720 1015.4000 0.9356 -0.3466 -0.0674 0.1493 0.5611 -0.8142 0.3200 0.7517 0.5767
36.8643 3107.1200 -782.1720 1015.4000 0.9356 -0.3466 -0.0674 0.1493 0.5611 -0.8142 0.3200 0.7517 0.5767
36.8517 3107.1200 -782.1720 1015.4000 0.9356 -0.3466 -0.0674 0.1493 0.5611 -0.8142 0.3200 0.7517 0.5767
36.8389 3107.1200 -782.1720 1015.4000 0.9356 -0.3466 -0.0674 0.1493 0.5611 -0.8142 0.3200 0.7517 0.5767
36.8259 3107.1200 -782.1720 1015.4000 0.9356 -0.3466 -0.0674 0.1493 0.5611 -0.8142 0.3200 0.7517 0.5767
36.8128 3107.1200 -782.1720 1015.4000 0.9356 -0.3466 -0.0674 0.1493 0.5611 -0.8142 0.3200 0.7517 0.5767
36.7995 3107.1200 -782.1720 1015.4000 0.9356 -0.3466 -0.0674 0.1493 0.5611 -0.8142 0.3200 0.7517 0.5767
36.7861 3107.1200 -782.1720 1015.4000 0.9356 -0.3466 -0.0674 0.1493 0.5611 -0.8142 0.3200 0.7517 0.5767
36.7725 3107.1200 -782.1720 1015.4000 0.9356 -0.3466 -0.0674 0.1493 0.5611 -0.8142 0.3200 0.7517 0.5767
36.7588 3107.1200 -782.1720 1015.4000 0.9356 -0.3466 -0.0674 0.1493 0.5611 -0.8142 0.3200 0.7517 0.5767
36.7449 3107.1200 -782.1720 1015.4000 0.9356 -0.3466 -0.0674 0.1493 0.5611 -0.8142 0.3200 0.7517 0.5767
36.7310 3107.1200 -782.1720 1015.4000 0.9356 -0.3466 -0.0674 0.1493 0.5611 -0.8142 0.3200 0.7517 0.5767
36.7170 3107.1200 -782.1720 1015.4000 0.9356 -0.3466 -0.0674 0.1493 0.5611 -0.8142 0.3200 0.7517 0.5767
36.7029 3107.1200 -782.1720 1015.4000 0.9356 -0.3466 -0.0674 0.1493 0.5611 -0.8142 0.3200 0.7517 0.5767
36.6888 3107.1200 -782.1720 1015.4000 0.9356 -0.3466 -0.0674 0.1493 0.5611 -0.8142 0.3200 0.7517 0.5767
36.6745 3107.1200 -782.1720 1015.4000 0.9356 -0.3466 -0.0674 0.1493 0.5611 -0.8142 0.3200 0.7517 0.5767
36.6603 3107.1200 -782.1720 1015.4000 0.9356 -0.3466 -0.0674 0.1493 0.5611 -0.8142 0.3200 0.7517 0.5767
36.6460 3107.1200 -782.1720 1015.4000 0.9356 -0.3466 -0.0674 0.1493 0.5611 -0.8142 0.3200 0.7517 0.5767
36.6317 3107.1200 -782.1720 1015.4000 0.9356 -0.3466 -0.0674 0.1493 0.5611 -0.8142 0.3200 0.7517 0.5767
36.6173 3107.1200 -782.1720 1015.4000 0.9356 -0.3466 -0.0674 0.1493 0.5611 -0.8142 0.3200 0.7517 0.5767
36.6030 3107.1200 -782.1720 1015.4000 0.9356 -0.3466 -0.0674 0.1493 0.5611 -0.8142 0.3200 0.7517 0.5767
36.5887 3107.1200 -782.1720 1015.4000 0.9356 -0.3466 -0.0674 0.1493 0.5611 -0.8142 0.3200 0.7517 0.5767
36.5744 3107.1200 -782.1720 1015.4000 0.9356 -0.3466 -0.0674 0.1493 0.5611 -0.8142 0.3200 0.7517 0.5767
36.5601 3107.1200 -782.1720 1015.4000 0.9356 -0.3466 -0.0674 0.1493 0.5611 -0.8142 0.3200 0.7517 0.5767
36.5459 3107.1200 -782.1720 1015.4000 0.9356 -0.3466 -0.0674 0.1493 0.5611 -0.8142 0.3200 0.7517 0.5767
36.5317 3107.1200 -782.1720 1015.4000 0.9356 -0.3466 -0.0674 0.1493 0.5611 -0.8142 0.3200 0.7517 0.5767
36.5177 3107.1200 -782.1720 1015.4000 0.9356 -0.3466 -0.0674 0.1493 0.5611 -0.8142 0.3200 0.7517 0.5767
36.5036 3107.1200 -782.1720 1015.4000 0.9356 -0.3466 -0.0674 0.1493 0.5611 -0.8142 0.3200 0.7517 0.5767
36.4897 3107.1200 -782.1720 1015.4000 0.9356 -0.3466 -0.0674 0.1493 0.5611 -0.8142 0.3200 0.7517 0.5767
36.4759 3107.1200 -782.1720 1015.4000 0.9356 -0.3466 -0.0674 0.1493 0.5611 -0.8142 0.3200 0.7517 0.5767
36.4622 3107.1200 -782.1720 1015.4000 0.9356 -0.3466 -0.0674 0.1493 0.5611 -0.8142 0.3200 0.7517 0.5767
36.4487 3107.1200 -782.1720 1015.4000 0.9356 -0.3466 -0.0674 0.1493 0.5611 -0.8142 0.3200 0.7517 0.5767
36.4352 3107.1200 -782.1720 1015.4000 0.9356 -0.3466 -0.0674 0.1493 0.5611 -0.8142 0.3200 0.7517 0.5767
36.4219 3107.1200 -782.1720 1015.4000 0.9356 -0.3466 -0.0674 0.1493 0.5611 -0.8142 0.3200 0.7517 0.5767
36.4088 3107.1200 -782.1720 1015.4000 0.9356 -0.3466 -0.0674 0.1493 0.5611 -0.8142 0.3200 0.7517 0.5767
36.3959 3107.1200 -782.1720 1015.4000 0.9356 -0.3466 -0.0674 0.1493 0.5611 -0.8142 0.3200 0.7517 0.5767
36.3831 3107.1200 -782.1720 1015.4000 0.9356 -0.3466 -0.0674 0.1493 0.5611 -0.8142 0.3200 0.7517 0.5767
36.3705 3107.1200 -782.1720 1015.4000 0.9356 -0.3466 -0.0674 0.1493 0.5611 -0.8142 0.3200 0.7517 0.5767
36.3582 3107.1200 -782.1720 1015.4000 0.9356 -0.3466 -0.0674 0.1493 0.5611 -0.8142 0.3200 0.7517 0.5767
36.3460 3107.1200 -782.1720 1015.4000 0.9356 -0.3466 -0.0674 0.1493 0.5611 -0.8142 0.3200 0.7517 0.5767
36.3341 3107.1200 -782.1720 1015.4000 0.9356 -0.3466 -0.0674 0.1493 0.5611 -0.8142 0.3200 0.7517 0.5767
36.3224 3107.1200 -782.1720 1015.4000 0.9356 -0.3466 -0.0674 0.1493 0.5611 -0.8142 0.3200 0.7517 0.5767
36.3110 3107.1200 -782.1720 1015.4000 0.9356 -0.3466 -0.0674 0.1493 0.5611 -0.8142 0.3200 0.7517 0.5767
36.2999 3107.1200 -782.1720 1015.4000 0.9356 -0.3466 -0.0674 0.1493 0.5611 -0.8142 0.3200 0.7517 0.5767
36.2890 3107.1200 -782.1720 1015.4000 0.9356 -0.3466 -0.0674 0.1493 0.5611 -0.8142 0.3200 0.7517 0.5767
36.2784 3107.1200 -782.1720 1015.4000 0.9356 -0.3466 -0.0674 0.1493 0.5611 -0.8142 0.3200 0.7517 0.5767
36.2681 3107.1200 -782.1720 1015.4000 0.9356 -0.3466 -0.0674 0.1493 0.5611 -0.8142 0.3200 0.7517 0.5767
36.2581 3107.1200 -782.1720 1015.4000 0.9356 -0.3466 -0.0674 0.1493 0.5611 -0.8142 0.3200 0.7517 0.5767
36.2484 3107.1200 -782.1720 1015.4000 0.9356 -0.3466 -0.0674 0.1493 0.5611 -0.8142 0.3200 0.7517 0.5767
36.2391 3107.1200 -782.1720 1015.4000 0.9356 -0.3466 -0.0674 0.1493 0.5611 -0.8142 0.3200 0.7517 0.5767
36.2301 3107.1200 -782.1720 1015.4000 0.9356 -0.3466 -0.0674 0.1493 0.5611 -0.8142 0.3200 0.7517 0.5767
36.2215 3107.1200 -782.1720 1015.4000 0.9356 -0.3466 -0.0674 0.1493 0.5611 -0.8142 0.3200 0.7517 0.5767
36.2132 3107.1200 -782.1720 1015.4000 0.9356 -0.3466 -0.0674 0.1493 0.5611 -0.8142 0.3200 0.7517 0.5767
36.2053 3107.1200 -782.1720 1015.4000 0.9356 -0.3466 -0.0674 0.1493 0.5611 -0.8142 0.3200 0.7517 0.5767
36.1978 3107.1200 -782.1720 1015.4000 0.9356 -0.3466 -0.0674 0.1493 0.5611 -0.8142 0.3200 0.7517 0.5767
36.1907 3107.1200 -782.1720 1015.4000 0.9356 -0.3466 -0.0674 0.1493 0.5611 -0.8142 0.3200 0.7517 0.5767
36.1840 3107.1200 -782.1720 1015.4000 0.9356 -0.3466 -0.0674 0.1493 0.5611 -0.8142 0.3200 0.7517 0.5767
36.1778 3107.1200 -782.1720 1015.4000 0.9356 -0.3466 -0.0674 0.1493 0.5611 -0.8142 0.3200 0.7517 0.5767
36.1719 3107.1200 -782.1720 1015.4000 0.9356 -0.3466 -0.0674 0.1493 0.5611 -0.8142 0.3200 0.7517 0.5767
36.1666 3107.1200 -782.1720 1015.4000 0.9356 -0.3466 -0.0674 0.1493 0.5611 -0.8142 0.3200 0.7517 0.5767
36.1616 3107.1200 -782.1720 1015.4000 0.9356 -0.3466 -0.0674 0.1493 0.5611 -0.8142 0.3200 0.7517 0.5767
36.1572 3107.1200 -782.1720 1015.4000 0.9356 -0.3466 -0.0674 0.1493 0.5611 -0.8142 0.3200 0.7517 0.5767
36.1532 3107.1200 -782.1720 1015.4000 0.9356 -0.3466 -0.0674 0.1493 0.5611 -0.8142 0.3200 0.7517 0.5767
36.1497 3107.1200 -782.1720 1015.4000 0.9356 -0.3466 -0.0674 0.1493 0.5611 -0.8142 0.3200 0.7517 0.5767
36.1468 3107.1200 -782.1720 1015.4000 0.9356 -0.3466 -0.0674 0.1493 0.5611 -0.8142 0.3200 0.7517 0.5767
36.1443 3107.1200 -782.1720 1015.4000 0.9356 -0.3466 -0.0674 0.1493 0.5611 -0.8142 0.3200 0.7517 0.5767
36.1424 3107.1200 -782.1720 1015.4000 0.9356 -0.3466 -0.0674 0.1493 0.5611 -0.8142 0.3200 0.7517 0.5767
36.1410 3107.1200 -782.1720 1015.4000 0.9356 -0.3466 -0.0674 0.1493 0.5611 -0.8142 0.3200 0.7517 0.5767
36.1401 3107.1200 -782.1720 1015.4000 0.9356 -0.3466 -0.0674 0.1493 0.5611 -0.8142 0.3200 0.7517 0.5767
36.1398 3107.1200 -782.1720 1015.4000 0.9356 -0.3466 -0.0674 0.1493 0.5611 -0.8142 0.3200 0.7517 0.5767
36.1398 3107.1200 -782.1720 1015.4000 0.9356 -0.3466 -0.0674 0.1493 0.5611 -0.8142 0.3200 0.7517 0.5767
36.1398 3107.1200 -782.1720 1015.4000 0.9356 -0.3466 -0.0674 0.1493 0.5611 -0.8142 0.3200 0.7517 0.5767
36.1398 3107.1200 -782.1720 1015.4000 0.9356 -0.3466 -0.0674 0.1493 0.5611 -0.8142 0.3200 0.7517 0.5767
36.1398 3107.1200 -782.1720 1015.4000 0.9356 -0.3466 -0.0674 0.1493 0.5611 -0.8142 0.3200 0.7517 0.5767
36.1398 3107.1200 -782.1720 1015.4000 0.9356 -0.3466 -0.0674 0.1493 0.5611 -0.8142 0.3200 0.7517 0.5767
36.1398 3107.1200 -782.1720 1015.4000 0.9356 -0.3466 -0.0674 0.1493 0.5611 -0.8142 0.3200 0.7517 0.5767
36.1398 3107.1200 -782.1720 1015.4000 0.9356 -0.3466 -0.0674 0.1493 0.5611 -0.8142 0.3200 0.7517 0.5767
36.1398 3107.1200 -782.1720 1015.4000 0.9356 -0.3466 -0.0674 0.1493 0.5611 -0.8142 0.3200 0.7517 0.5767
36.1398 3107.1200 -782.1720 1015.4000 0.9356 -0.3466 -0.0674 0.1493 0.5611 -0.8142 0.3200 0.7517 0.5767
36.1398 3107.1200 -782.1720 1015.4000 0.9356 -0.3466 -0.0674 0.1493 0.5611 -0.8142 0.3200 0.7517 0.5767
36.1398 3107.1200 -782.1720 1015.4000 0.9356 -0.3466 -0.0674 0.1493 0.5611 -0.8142 0.3200 0.7517 0.5767
36.1403 3107.1200 -782.1720 1015.4000 0.9356 -0.3466 -0.0674 0.1493 0.5611 -0.8142 0.3200 0.7517 0.5767
36.1407 3107.1200 -782.1720 1015.4000 0.9356 -0.3466 -0.0674 0.1493 0.5611 -0.8142 0.3200 0.7517 0.5767
36.1416 3107.1200 -782.1720 1015.4000 0.9356 -0.3466 -0.0674 0.1493 0.5611 -0.8142 0.3200 0.7517 0.5767
36.1433 3107.1200 -782.1720 1015.4000 0.9356 -0.3466 -0.0674 0.1493 0.5611 -0.8142 0.3200 0.7517 0.5767
36.1459 3107.1200 -782.1720 1015.4000 0.9356 -0.3466 -0.0674 0.1493 0.5611 -0.8142 0.3200 0.7517 0.5767
36.1494 3107.1200 -782.1720 1015.4000 0.9356 -0.3466 -0.0674 0.1493 0.5611 -0.8142 0.3200 0.7517 0.5767
36.1542 3107.1200 -782.1720 1015.4000 0.9356 -0.3466 -0.0674 0.1493 0.5611 -0.8142 0.3200 0.7517 0.5767
36.1604 3107.1200 -782.1720 1015.4000 0.9356 -0.3466 -0.0674 0.1493 0.5611 -0.8142 0.3200 0.7517 0.5767
36.1684 3107.1200 -782.1720 1015.4000 0.9356 -0.3466 -0.0674 0.1493 0.5611 -0.8142 0.3200 0.7517 0.5767
36.1779 3107.1200 -782.1720 1015.4000 0.9356 -0.3466 -0.0674 0.1493 0.5611 -0.8142 0.3200 0.7517 0.5767
36.1899 3107.1200 -782.1720 1015.4000 0.9356 -0.3466 -0.0674 0.1493 0.5611 -0.8142 0.3200 0.7517 0.5767
36.2039 3107.1200 -782.1720 1015.4000 0.9356 -0.3466 -0.0674 0.1493 0.5611 -0.8142 0.3200 0.7517 0.5767
36.2206 3107.1200 -782.1720 1015.4000 0.9356 -0.3466 -0.0674 0.1493 0.5611 -0.8142 0.3200 0.7517 0.5767
36.2406 3107.1200 -782.1720 1015.4000 0.9356 -0.3466 -0.0674 0.1493 0.5611 -0.8142 0.3200 0.7517 0.5767
36.2636 3107.1200 -782.1720 1015.4000 0.9356 -0.3466 -0.0674 0.1493 0.5611 -0.8142 0.3200 0.7517 0.5767
36.2903 3107.1200 -782.1720 1015.4000 0.9356 -0.3466 -0.0674 0.1493 0.5611 -0.8142 0.3200 0.7517 0.5767
36.3216 3107.1200 -782.1720 1015.4000 0.9356 -0.3466 -0.0674 0.1493 0.5611 -0.8142 0.3200 0.7517 0.5767
36.3572 3107.1200 -782.1720 1015.4000 0.9356 -0.3466 -0.0674 0.1493 0.5611 -0.8142 0.3200 0.7517 0.5767
36.3981 3107.1200 -782.1720 1015.4000 0.9356 -0.3466 -0.0674 0.1493 0.5611 -0.8142 0.3200 0.7517 0.5767
36.4452 3107.1200 -782.1720 1015.4000 0.9356 -0.3466 -0.0674 0.1493 0.5611 -0.8142 0.3200 0.7517 0.5767
36.4992 3107.1200 -782.1720 1015.4000 0.9356 -0.3466 -0.0674 0.1493 0.5611 -0.8142 0.3200 0.7517 0.5767
36.5606 3107.1200 -782.1720 1015.4000 0.9356 -0.3466 -0.0674 0.1493 0.5611 -0.8142 0.3200 0.7517 0.5767
36.6306 3107.1200 -782.1720 1015.4000 0.9356 -0.3466 -0.0674 0.1493 0.5611 -0.8142 0.3200 0.7517 0.5767
36.7095 3107.1200 -782.1720 1015.4000 0.9356 -0.3466 -0.0674 0.1493 0.5611 -0.8142 0.3200 0.7517 0.5767
36.7993 3107.1200 -782.1720 1015.4000 0.9356 -0.3466 -0.0674 0.1493 0.5611 -0.8142 0.3200 0.7517 0.5767
36.9003 3107.1200 -782.1720 1015.4000 0.9356 -0.3466 -0.0674 0.1493 0.5611 -0.8142 0.3200 0.7517 0.5767
37.0144 3107.1200 -782.1720 1015.4000 0.9356 -0.3466 -0.0674 0.1493 0.5611 -0.8142 0.3200 0.7517 0.5767
37.1434 3107.1200 -782.1720 1015.4000 0.9356 -0.3466 -0.0674 0.1493 0.5611 -0.8142 0.3200 0.7517 0.5767
37.2877 3107.1200 -782.1720 1015.4000 0.9356 -0.3466 -0.0674 0.1493 0.5611 -0.8142 0.3200 0.7517 0.5767
37.4495 3107.1200 -782.1720 1015.4000 0.9356 -0.3466 -0.0674 0.1493 0.5611 -0.8142 0.3200 0.7517 0.5767
37.6302 3107.1200 -782.1720 1015.4000 0.9356 -0.3466 -0.0674 0.1493 0.5611 -0.8142 0.3200 0.7517 0.5767
37.8323 3107.1200 -782.1720 1015.4000 0.9356 -0.3466 -0.0674 0.1493 0.5611 -0.8142 0.3200 0.7517 0.5767
38.0564 3107.1200 -782.1720 1015.4000 0.9356 -0.3466 -0.0674 0.1493 0.5611 -0.8142 0.3200 0.7517 0.5767
38.3063 3107.1200 -782.1720 1015.4000 0.9356 -0.3466 -0.0674 0.1493 0.5611 -0.8142 0.3200 0.7517 0.5767
38.5840 3107.1200 -782.1720 1015.4000 0.9356 -0.3466 -0.0674 0.1493 0.5611 -0.8142 0.3200 0.7517 0.5767
38.8899 3107.1200 -782.1720 1015.4000 0.9356 -0.3466 -0.0674 0.1493 0.5611 -0.8142 0.3200 0.7517 0.5767
39.2286 3107.1200 -782.1720 1015.4000 0.9356 -0.3466 -0.0674 0.1493 0.5611 -0.8142 0.3200 0.7517 0.5767
39.6008 3107.1200 -782.1720 1015.4000 0.9356 -0.3466 -0.0674 0.1493 0.5611 -0.8142 0.3200 0.7517 0.5767
40.0099 3107.1200 -782.1720 1015.4000 0.9356 -0.3466 -0.0674 0.1493 0.5611 -0.8142 0.3200 0.7517 0.5767
40.4579 3107.1200 -782.1720 1015.4000 0.9356 -0.3466 -0.0674 0.1493 0.5611 -0.8142 0.3200 0.7517 0.5767
40.9483 3107.1200 -782.1720 1015.4000 0.9356 -0.3466 -0.0674 0.1493 0.5611 -0.8142 0.3200 0.7517 0.5767
41.4819 3107.1200 -782.1720 1015.4000 0.9356 -0.3466 -0.0674 0.1493 0.5611 -0.8142 0.3200 0.7517 0.5767
42.0638 3107.1200 -782.1720 1015.4000 0.9356 -0.3466 -0.0674 0.1493 0.5611 -0.8142 0.3200 0.7517 0.5767
42.6926 3107.1200 -782.1720 1015.4000 0.9356 -0.3466 -0.0674 0.1493 0.5611 -0.8142 0.3200 0.7517 0.5767
43.3757 3107.1200 -782.1720 1015.4000 0.9356 -0.3466 -0.0674 0.1493 0.5611 -0.8142 0.3200 0.7517 0.5767
44.1132 3107.1200 -782.1720 1015.4000 0.9356 -0.3466 -0.0674 0.1493 0.5611 -0.8142 0.3200 0.7517 0.5767
44.9070 3107.1200 -782.1720 1015.4000 0.9356 -0.3466 -0.0674 0.1493 0.5611 -0.8142 0.3200 0.7517 0.5767
45.7587 3107.1200 -782.1720 1015.4000 0.9356 -0.3466 -0.0674 0.1493 0.5611 -0.8142 0.3200 0.7517 0.5767
46.6718 3107.1200 -782.1720 1015.4000 0.9356 -0.3466 -0.0674 0.1493 0.5611 -0.8142 0.3200 0.7517 0.5767
47.6502 3107.1200 -782.1720 1015.4000 0.9356 -0.3466 -0.0674 0.1493 0.5611 -0.8142 0.3200 0.7517 0.5767
48.6931 3107.1200 -782.1720 1015.4000 0.9356 -0.3466 -0.0674 0.1493 0.5611 -0.8142 0.3200 0.7517 0.5767
49.8040 3107.1200 -782.1720 1015.4000 0.9356 -0.3466 -0.0674 0.1493 0.5611 -0.8142 0.3200 0.7517 0.5767
50.9840 3107.1200 -782.1720 1015.4000 0.9356 -0.3466 -0.0674 0.1493 0.5611 -0.8142 0.3200 0.7517 0.5767
52.2341 3107.1200 -782.1720 1015.4000 0.9356 -0.3466 -0.0674 0.1493 0.5611 -0.8142 0.3200 0.7517 0.5767
53.5576 3107.1200 -782.1720 1015.4000 0.9356 -0.3466 -0.0674 0.1493 0.5611 -0.8142 0.3200 0.7517 0.5767
54.9552 3107.1200 -782.1720 1015.4000 0.9356 -0.3466 -0.0674 0.1493 0.5611 -0.8142 0.3200 0.7517 0.5767
56.4278 3107.1200 -782.1720 1015.4000 0.9356 -0.3466 -0.0674 0.1493 0.5611 -0.8142 0.3200 0.7517 0.5767
57.9755 3107.1200 -782.1720 1015.4000 0.9356 -0.3466 -0.0674 0.1493 0.5611 -0.8142 0.3200 0.7517 0.5767
58.9769 3116.5300 -779.9820 1007.2800 0.9769 0.1152 0.1801 -0.1946 0.8275 0.5266 -0.0884 -0.5495 0.8308
59.9249 3116.5300 -779.9820 1007.2800 0.9769 0.1152 0.1801 -0.1946 0.8275 0.5266 -0.0884 -0.5495 0.8308
60.9622 3116.5300 -779.9820 1007.2800 0.9769 0.1152 0.1801 -0.1946 0.8275 0.5266 -0.0884 -0.5495 0.8308
62.0939 3116.5300 -779.9820 1007.2800 0.9769 0.1152 0.1801 -0.1946 0.8275 0.5266 -0.0884 -0.5495 0.8308
63.3223 3116.5300 -779.9820 1007.2800 0.9769 0.1152 0.1801 -0.1946 0.8275 0.5266 -0.0884 -0.5495 0.8308
64.6492 3116.5300 -779.9820 1007.2800 0.9769 0.1152 0.1801 -0.1946 0.8275 0.5266 -0.0884 -0.5495 0.8308
64.1776 3111.8400 -778.9500 1005.3300 0.9906 -0.1035 -0.0898 0.0688 0.9422 -0.3280 0.1185 0.3188 0.9404
62.8118 3111.8400 -778.9500 1005.3300 0.9906 -0.1035 -0.0898 0.0688 0.9422 -0.3280 0.1185 0.3188 0.9404
61.4856 3111.8400 -778.9500 1005.3300 0.9906 -0.1035 -0.0898 0.0688 0.9422 -0.3280 0.1185 0.3188 0.9404
60.2078 3111.8400 -778.9500 1005.3300 0.9906 -0.1035 -0.0898 0.0688 0.9422 -0.3280 0.1185 0.3188 0.9404
58.9916 3111.8400 -778.9500 1005.3300 0.9906 -0.1035 -0.0898 0.0688 0.9422 -0.3280 0.1185 0.3188 0.9404
56.7494 3102.4700 -788.2770 1002.8400 0.9957 0.0835 0.0396 -0.0908 0.9636 0.2514 -0.0172 -0.2539 0.9671
54.3889 3102.4700 -788.2770 1002.8400 0.9957 0.0835 0.0396 -0.0908 0.9636 0.2514 -0.0172 -0.2539 0.9671
52.0228 3102.4700 -788.2770 1002.8400 0.9957 0.0835 0.0396 -0.0908 0.9636 0.2514 -0.0172 -0.2539 0.9671
49.6638 3102.4700 -788.2770 1002.8400 0.9957 0.0835 0.0396 -0.0908 0.9636 0.2514 -0.0172 -0.2539 0.9671
47.3250 3102.4700 -788.2770 1002.8400 0.9957 0.0835 0.0396 -0.0908 0.9636 0.2514 -0.0172 -0.2539 0.9671
45.0260 3102.4700 -788.2770 1002.8400 0.9957 0.0835 0.0396 -0.0908 0.9636 0.2514 -0.0172 -0.2539 0.9671
42.7908 3102.4700 -788.2770 1002.8400 0.9957 0.0835 0.0396 -0.0908 0.9636 0.2514 -0.0172 -0.2539 0.9671
40.6489 3102.4700 -788.2770 1002.8400 0.9957 0.0835 0.0396 -0.0908 0.9636 0.2514 -0.0172 -0.2539 0.9671
38.6345 3102.4700 -788.2770 1002.8400 0.9957 0.0835 0.0396 -0.0908 0.9636 0.2514 -0.0172 -0.2539 0.9671
36.7915 3102.4700 -788.2770 1002.8400 0.9957 0.0835 0.0396 -0.0908 0.9636 0.2514 -0.0172 -0.2539 0.9671
35.1714 3102.4700 -788.2770 1002.8400 0.9957 0.0835 0.0396 -0.0908 0.9636 0.2514 -0.0172 -0.2539 0.9671
33.8325 3102.4700 -788.2770 1002.8400 0.9957 0.0835 0.0396 -0.0908 0.9636 0.2514 -0.0172 -0.2539 0.9671
32.8368 3102.4700 -788.2770 1002.8400 0.9957 0.0835 0.0396 -0.0908 0.9636 0.2514 -0.0172 -0.2539 0.9671
32.2444 3102.4700 -788.2770 1002.8400 0.9957 0.0835 0.0396 -0.0908 0.9636 0.2514 -0.0172 -0.2539 0.9671
32.1086 3102.4700 -788.2770 1002.8400 0.9957 0.0835 0.0396 -0.0908 0.9636 0.2514 -0.0172 -0.2539 0.9671
32.4662 3102.4700 -788.2770 1002.8400 0.9957 0.0835 0.0396 -0.0908 0.9636 0.2514 -0.0172 -0.2539 0.9671
33.3328 3102.4700 -788.2770 1002.8400 0.9957 0.0835 0.0396 -0.0908 0.9636 0.2514 -0.0172 -0.2539 0.9671
34.7003 3102.4700 -788.2770 1002.8400 0.9957 0.0835 0.0396 -0.0908 0.9636 0.2514 -0.0172 -0.2539 0.9671
36.5437 3102.4700 -788.2770 1002.8400 0.9957 0.0835 0.0396 -0.0908 0.9636 0.2514 -0.0172 -0.2539 0.9671
38.8243 3102.4700 -788.2770 1002.8400 0.9957 0.0835 0.0396 -0.0908 0.9636 0.2514 -0.0172 -0.2539 0.9671
41.4981 3102.4700 -788.2770 1002.8400 0.9957 0.0835 0.0396 -0.0908 0.9636 0.2514 -0.0172 -0.2539 0.9671
44.5230 3102.4700 -788.2770 1002.8400 0.9957 0.0835 0.0396 -0.0908 0.9636 0.2514 -0.0172 -0.2539 0.9671
47.8568 3102.4700 -788.2770 1002.8400 0.9957 0.0835 0.0396 -0.0908 0.9636 0.2514 -0.0172 -0.2539 0.9671
49.3645 3101.1800 -785.0790 994.6390 0.9873 0.1279 0.0944 -0.1563 0.8891 0.4303 -0.0289 -0.4396 0.8977
48.8186 3101.1800 -785.0790 994.6390 0.9873 0.1279 0.0944 -0.1563 0.8891 0.4303 -0.0289 -0.4396 0.8977
48.7498 3101.1800 -785.0790 994.6390 0.9873 0.1279 0.0944 -0.1563 0.8891 0.4303 -0.0289 -0.4396 0.8977
49.1876 3101.1800 -785.0790 994.6390 0.9873 0.1279 0.0944 -0.1563 0.8891 0.4303 -0.0289 -0.4396 0.8977
47.5015 3115.9900 -787.1820 1001.2400 0.9617 -0.2302 -0.1487 0.0959 0.7911 -0.6041 0.2567 0.5667 0.7829
42.7221 3115.9900 -787.1820 1001.2400 0.9617 -0.2302 -0.1487 0.0959 0.7911 -0.6041 0.2567 0.5667 0.7829
37.9710 3115.9900 -787.1820 1001.2400 0.9617 -0.2302 -0.1487 0.0959 0.7911 -0.6041 0.2567 0.5667 0.7829
33.3049 3115.9900 -787.1820 1001.2400 0.9617 -0.2302 -0.1487 0.0959 0.7911 -0.6041 0.2567 0.5667 0.7829
28.8197 3115.9900 -787.1820 1001.2400 0.9617 -0.2302 -0.1487 0.0959 0.7911 -0.6041 0.2567 0.5667 0.7829
24.6755 3115.9900 -787.1820 1001.2400 0.9617 -0.2302 -0.1487 0.0959 0.7911 -0.6041 0.2567 0.5667 0.7829
20.4248 3115.8300 -787.2440 1001.8300 0.9679 -0.2027 -0.1486 0.0916 0.8352 -0.5423 0.2340 0.5113 0.8269
16.7091 3115.8300 -787.2440 1001.8300 0.9679 -0.2027 -0.1486 0.0916 0.8352 -0.5423 0.2340 0.5113 0.8269
14.4050 3115.8300 -787.2440 1001.8300 0.9679 -0.2027 -0.1486 0.0916 0.8352 -0.5423 0.2340 0.5113 0.8269
14.3410 3115.8300 -787.2440 1001.8300 0.9679 -0.2027 -0.1486 0.0916 0.8352 -0.5423 0.2340 0.5113 0.8269
15.0041 3115.9700 -787.0970 1001.7700 0.9621 -0.2262 -0.1520 0.0941 0.7991 -0.5938 0.2558 0.5570 0.7901
12.5970 3102.8300 -779.4880 1015.5600 0.7729 -0.2670 0.5756 -0.5234 -0.7811 0.3405 0.3587 -0.5644 -0.7435
9.0567 3102.8300 -779.4880 1015.5600 0.7729 -0.2670 0.5756 -0.5234 -0.7811 0.3405 0.3587 -0.5644 -0.7435
9.2059 3102.8300 -779.4880 1015.5600 0.7729 -0.2670 0.5756 -0.5234 -0.7811 0.3405 0.3587 -0.5644 -0.7435
12.3955 3105.0900 -779.4840 1015.8400 0.7902 -0.1986 0.5797 -0.5358 -0.6831 0.4963 0.2974 -0.7027 -0.6463
14.3707 3105.0900 -779.4840 1015.8400 0.7902 -0.1986 0.5797 -0.5358 -0.6831 0.4963 0.2974 -0.7027 -0.6463
18.6790 3105.0900 -779.4840 1015.8400 0.7902 -0.1986 0.5797 -0.5358 -0.6831 0.4963 0.2974 -0.7027 -0.6463
24.1854 3105.0900 -779.4840 1015.8400 0.7902 -0.1986 0.5797 -0.5358 -0.6831 0.4963 0.2974 -0.7027 -0.6463
30.3145 3105.0900 -779.4840 1015.8400 0.7902 -0.1986 0.5797 -0.5358 -0.6831 0.4963 0.2974 -0.7027 -0.6463
36.8158 3105.0900 -779.4840 1015.8400 0.7902 -0.1986 0.5797 -0.5358 -0.6831 0.4963 0.2974 -0.7027 -0.6463
43.5710 3105.0900 -779.4840 1015.8400 0.7902 -0.1986 0.5797 -0.5358 -0.6831 0.4963 0.2974 -0.7027 -0.6463
50.5248 3105.0900 -779.4840 1015.8400 0.7902 -0.1986 0.5797 -0.5358 -0.6831 0.4963 0.2974 -0.7027 -0.6463
46.7691 3109.4000 -778.1830 1012.7300 0.9837 -0.0873 -0.1573 0.0498 0.9723 -0.2282 0.1729 0.2166 0.9608
40.3618 3109.4000 -778.1830 1012.7300 0.9837 -0.0873 -0.1573 0.0498 0.9723 -0.2282 0.1729 0.2166 0.9608
34.2810 3109.4000 -778.1830 1012.7300 0.9837 -0.0873 -0.1573 0.0498 0.9723 -0.2282 0.1729 0.2166 0.9608
28.8229 3109.4000 -778.1830 1012.7300 0.9837 -0.0873 -0.1573 0.0498 0.9723 -0.2282 0.1729 0.2166 0.9608
24.4245 3105.4700 -776.8030 1011.2700 0.9022 -0.4038 -0.1516 0.0481 0.4435 -0.8950 0.4286 0.8002 0.4195
16.7732 3105.4700 -776.8030 1011.2700 0.9022 -0.4038 -0.1516 0.0481 0.4435 -0.8950 0.4286 0.8002 0.4195
9.3687 3105.4700 -776.8030 1011.2700 0.9022 -0.4038 -0.1516 0.0481 0.4435 -0.8950 0.4286 0.8002 0.4195
4.5965 3105.4700 -776.8030 1011.2700 0.9022 -0.4038 -0.1516 0.0481 0.4435 -0.8950 0.4286 0.8002 0.4195
9.3092 3105.4700 -776.8030 1011.2700 0.9022 -0.4038 -0.1516 0.0481 0.4435 -0.8950 0.4286 0.8002 0.4195
17.0275 3105.4700 -776.8030 1011.2700 0.9022 -0.4038 -0.1516 0.0481 0.4435 -0.8950 0.4286 0.8002 0.4195
18.6488 3107.3400 -776.8150 1010.2200 0.9293 -0.3122 -0.1973 0.0613 0.6572 -0.7512 0.3642 0.6860 0.6299
10.2641 3107.3400 -776.8150 1010.2200 0.9293 -0.3122 -0.1973 0.0613 0.6572 -0.7512 0.3642 0.6860 0.6299
2.7947 3107.3400 -776.8150 1010.2200 0.9293 -0.3122 -0.1973 0.0613 0.6572 -0.7512 0.3642 0.6860 0.6299
7.8137 3107.3400 -776.8150 1010.2200 0.9293 -0.3122 -0.1973 0.0613 0.6572 -0.7512 0.3642 0.6860 0.6299
16.4604 3107.3400 -776.8150 1010.2200 0.9293 -0.3122 -0.1973 0.0613 0.6572 -0.7512 0.3642 0.6860 0.6299
9.1229 3102.8800 -775.2880 1013.4500 0.9827 0.1471 0.1126 -0.1844 0.7196 0.6694 0.0175 -0.6786 0.7343
6.3996 3102.8800 -775.2880 1013.4500 0.9827 0.1471 0.1126 -0.1844 0.7196 0.6694 0.0175 -0.6786 0.7343
9.5177 3102.5700 -775.7800 1014.4900 0.9627 0.1520 0.2239 -0.2700 0.4849 0.8318 0.0178 -0.8613 0.5078
14.0057 3102.5700 -775.7800 1014.4900 0.9627 0.1520 0.2239 -0.2700 0.4849 0.8318 0.0178 -0.8613 0.5078
21.9024 3102.5700 -775.7800 1014.4900 0.9627 0.1520 0.2239 -0.2700 0.4849 0.8318 0.0178 -0.8613 0.5078
30.7874 3102.5700 -775.7800 1014.4900 0.9627 0.1520 0.2239 -0.2700 0.4849 0.8318 0.0178 -0.8613 0.5078
35.3653 3105.8400 -780.0700 1014.1000 0.9010 -0.3801 -0.2090 0.0140 0.5069 -0.8619 0.4335 0.7736 0.4621
25.7338 3105.8400 -780.0700 1014.1000 0.9010 -0.3801 -0.2090 0.0140 0.5069 -0.8619 0.4335 0.7736 0.4621
16.1636 3105.8400 -780.0700 1014.1000 0.9010 -0.3801 -0.2090 0.0140 0.5069 -0.8619 0.4335 0.7736 0.4621
7.4006 3105.8400 -780.0700 1014.1000 0.9010 -0.3801 -0.2090 0.0140 0.5069 -0.8619 0.4335 0.7736 0.4621
7.0561 3105.8400 -780.0700 1014.1000 0.9010 -0.3801 -0.2090 0.0140 0.5069 -0.8619 0.4335 0.7736 0.4621
15.9204 3105.8400 -780.0700 1014.1000 0.9010 -0.3801 -0.2090 0.0140 0.5069 -0.8619 0.4335 0.7736 0.4621
25.9398 3105.8400 -780.0700 1014.1000 0.9010 -0.3801 -0.2090 0.0140 0.5069 -0.8619 0.4335 0.7736 0.4621
36.2688 3105.8400 -780.0700 1014.1000 0.9010 -0.3801 -0.2090 0.0140 0.5069 -0.8619 0.4335 0.7736 0.4621
46.7853 3105.8400 -780.0700 1014.1000 0.9010 -0.3801 -0.2090 0.0140 0.5069 -0.8619 0.4335 0.7736 0.4621
57.4474 3105.8400 -780.0700 1014.1000 0.9010 -0.3801 -0.2090 0.0140 0.5069 -0.8619 0.4335 0.7736 0.4621
68.2451 3105.8400 -780.0700 1014.1000 0.9010 -0.3801 -0.2090 0.0140 0.5069 -0.8619 0.4335 0.7736 0.4621
71.5431 3101.3000 -776.8220 997.0180 0.8509 -0.5004 -0.1599 -0.0930 0.1562 -0.9833 0.5170 0.8516 0.0864
62.9533 3101.3000 -776.8220 997.0180 0.8509 -0.5004 -0.1599 -0.0930 0.1562 -0.9833 0.5170 0.8516 0.0864
55.1611 3101.3000 -776.8220 997.0180 0.8509 -0.5004 -0.1599 -0.0930 0.1562 -0.9833 0.5170 0.8516 0.0864
48.6385 3101.3000 -776.8220 997.0180 0.8509 -0.5004 -0.1599 -0.0930 0.1562 -0.9833 0.5170 0.8516 0.0864
44.0483 3101.3000 -776.8220 997.0180 0.8509 -0.5004 -0.1599 -0.0930 0.1562 -0.9833 0.5170 0.8516 0.0864
42.1235 3101.3000 -776.8220 997.0180 0.8509 -0.5004 -0.1599 -0.0930 0.1562 -0.9833 0.5170 0.8516 0.0864
43.3179 3101.3000 -776.8220 997.0180 0.8509 -0.5004 -0.1599 -0.0930 0.1562 -0.9833 0.5170 0.8516 0.0864
47.4849 3101.3000 -776.8220 997.0180 0.8509 -0.5004 -0.1599 -0.0930 0.1562 -0.9833 0.5170 0.8516 0.0864
54.0201 3101.3000 -776.8220 997.0180 0.8509 -0.5004 -0.1599 -0.0930 0.1562 -0.9833 0.5170 0.8516 0.0864
62.2513 3101.3000 -776.8220 997.0180 0.8509 -0.5004 -0.1599 -0.0930 0.1562 -0.9833 0.5170 0.8516 0.0864
71.6527 3101.3000 -776.8220 997.0180 0.8509 -0.5004 -0.1599 -0.0930 0.1562 -0.9833 0.5170 0.8516 0.0864
80.5888 3108.9600 -778.3630 998.4190 0.8647 -0.4356 -0.2500 -0.0645 0.3974 -0.9154 0.4981 0.8077 0.3155
76.1596 3108.9600 -778.3630 998.4190 0.8647 -0.4356 -0.2500 -0.0645 0.3974 -0.9154 0.4981 0.8077 0.3155
73.5498 3108.9600 -778.3630 998.4190 0.8647 -0.4356 -0.2500 -0.0645 0.3974 -0.9154 0.4981 0.8077 0.3155
73.0187 3108.9600 -778.3630 998.4190 0.8647 -0.4356 -0.2500 -0.0645 0.3974 -0.9154 0.4981 0.8077 0.3155
61.6703 3109.9200 -779.5210 998.8360 0.9139 -0.2391 -0.3282 -0.0176 0.7842 -0.6203 0.4056 0.5726 0.7124
48.8189 3109.9200 -779.5210 998.8360 0.9139 -0.2391 -0.3282 -0.0176 0.7842 -0.6203 0.4056 0.5726 0.7124
35.8819 3109.9200 -779.5210 998.8360 0.9139 -0.2391 -0.3282 -0.0176 0.7842 -0.6203 0.4056 0.5726 0.7124
22.9164 3109.9200 -779.5210 998.8360 0.9139 -0.2391 -0.3282 -0.0176 0.7842 -0.6203 0.4056 0.5726 0.7124
10.2980 3109.9200 -779.5210 998.8360 0.9139 -0.2391 -0.3282 -0.0176 0.7842 -0.6203 0.4056 0.5726 0.7124
6.3335 3109.9200 -779.5210 998.8360 0.9139 -0.2391 -0.3282 -0.0176 0.7842 -0.6203 0.4056 0.5726 0.7124
8.8980 3111.4500 -788.7490 1003.6300 0.8725 -0.3890 -0.2957 -0.0839 0.4770 -0.8749 0.4814 0.7882 0.3835
8.7374 3107.6400 -782.1110 1016.3600 0.9883 0.1525 -0.0027 -0.1040 0.6869 0.7192 0.1115 -0.7106 0.6948
6.7332 3107.6400 -782.1110 1016.3600 0.9883 0.1525 -0.0027 -0.1040 0.6869 0.7192 0.1115 -0.7106 0.6948
11.4337 3109.5900 -779.2500 999.5940 0.9760 0.0696 -0.2063 -0.0155 0.9673 0.2532 0.2172 -0.2440 0.9452
7.4809 3109.5900 -779.2500 999.5940 0.9760 0.0696 -0.2063 -0.0155 0.9673 0.2532 0.2172 -0.2440 0.9452
19.4554 3109.5900 -779.2500 999.5940 0.9760 0.0696 -0.2063 -0.0155 0.9673 0.2532 0.2172 -0.2440 0.9452
19.0306 3107.6000 -786.6800 1003.9000 0.8201 -0.5368 0.1981 -0.4210 -0.8006 -0.4264 0.3875 0.2663 -0.8826
8.5437 3110.1700 -785.7590 1013.2100 0.8215 -0.5489 -0.1543 -0.2494 -0.1025 -0.9630 0.5128 0.8296 -0.2210
10.2775 3110.1700 -785.7590 1013.2100 0.8215 -0.5489 -0.1543 -0.2494 -0.1025 -0.9630 0.5128 0.8296 -0.2210
6.3144 3103.1700 -781.7100 1015.9000 0.9869 0.1503 -0.0581 -0.0712 0.7300 0.6797 0.1446 -0.6667 0.7312
13.8684 3116.7700 -779.7280 1005.1100 0.8114 -0.5820 -0.0535 -0.3292 -0.3794 -0.8647 0.4830 0.7193 -0.4994
4.7273 3107.3900 -783.4580 1014.8700 0.8582 -0.3834 -0.3414 -0.1218 0.4940 -0.8609 0.4987 0.7804 0.3772
10.8196 3116.9900 -779.5940 1003.7300 0.8129 -0.5820 0.0216 -0.3710 -0.5460 -0.7512 0.4490 0.6026 -0.6597
22.8769 3116.9900 -779.5940 1003.7300 0.8129 -0.5820 0.0216 -0.3710 -0.5460 -0.7512 0.4490 0.6026 -0.6597
26.5664 3116.7200 -779.1780 1004.9600 0.8153 -0.5765 -0.0549 -0.3489 -0.4132 -0.8412 0.4622 0.7049 -0.5380
24.6559 3116.7200 -779.1780 1004.9600 0.8153 -0.5765 -0.0549 -0.3489 -0.4132 -0.8412 0.4622 0.7049 -0.5380
28.4082 3099.9000 -783.9860 1014.9800 0.9559 0.0629 -0.2867 -0.0053 0.9803 0.1973 0.2935 -0.1871 0.9375
23.7160 3099.9000 -783.9860 1014.9800 0.9559 0.0629 -0.2867 -0.0053 0.9803 0.1973 0.2935 -0.1871 0.9375
16.9013 3103.9400 -780.0010 1008.5100 0.9722 0.1165 -0.2030 -0.0090 0.8853 0.4649 0.2338 -0.4502 0.8618
5.4596 3103.9400 -780.0010 1008.5100 0.9722 0.1165 -0.2030 -0.0090 0.8853 0.4649 0.2338 -0.4502 0.8618
16.8080 3103.9400 -780.0010 1008.5100 0.9722 0.1165 -0.2030 -0.0090 0.8853 0.4649 0.2338 -0.4502 0.8618
23.8330 3103.0800 -778.5770 1010.0200 0.9181 -0.0660 -0.3908 -0.0039 0.9845 -0.1753 0.3963 0.1625 0.9036
23.6709 3103.0800 -778.5770 1010.0200 0.9181 -0.0660 -0.3908 -0.0039 0.9845 -0.1753 0.3963 0.1625 0.9036
14.1718 3098.9400 -777.1580 1015.0300 0.9856 0.1506 -0.0770 -0.0373 0.6375 0.7696 0.1650 -0.7556 0.6339
16.9566 3098.9400 -777.1580 1015.0300 0.9856 0.1506 -0.0770 -0.0373 0.6375 0.7696 0.1650 -0.7556 0.6339
11.8785 3104.3800 -779.1500 1003.2100 0.8211 -0.4476 -0.3543 -0.2309 0.3073 -0.9232 0.5221 0.8398 0.1490
9.1647 3104.3800 -779.1500 1003.2100 0.8211 -0.4476 -0.3543 -0.2309 0.3073 -0.9232 0.5221 0.8398 0.1490
15.6680 3107.2600 -779.9830 995.8060 0.9057 -0.0642 -0.4191 -0.0186 0.9815 -0.1906 0.4235 0.1804 0.8877
5.4849 3107.2600 -779.9830 995.8060 0.9057 -0.0642 -0.4191 -0.0186 0.9815 -0.1906 0.4235 0.1804 0.8877
19.9532 3107.2600 -779.9830 995.8060 0.9057 -0.0642 -0.4191 -0.0186 0.9815 -0.1906 0.4235 0.1804 0.8877
36.9128 3107.2600 -779.9830 995.8060 0.9057 -0.0642 -0.4191 -0.0186 0.9815 -0.1906 0.4235 0.1804 0.8877
31.6246 3102.7700 -774.8730 1013.8600 0.9921 0.1207 0.0333 -0.0680 0.2961 0.9527 0.1051 -0.9475 0.3020
18.9423 3103.0900 -775.2800 1014.3900 0.9862 0.1494 -0.0713 -0.0175 0.5222 0.8526 0.1646 -0.8396 0.5176
8.6067 3103.0900 -775.2800 1014.3900 0.9862 0.1494 -0.0713 -0.0175 0.5222 0.8526 0.1646 -0.8396 0.5176
15.0717 3103.6900 -775.2160 1014.1900 0.9671 0.1355 -0.2153 0.0271 0.7868 0.6166 0.2530 -0.6021 0.7572
20.9947 3103.6900 -775.2160 1014.1900 0.9671 0.1355 -0.2153 0.0271 0.7868 0.6166 0.2530 -0.6021 0.7572
36.0817 3103.6900 -775.2160 1014.1900 0.9671 0.1355 -0.2153 0.0271 0.7868 0.6166 0.2530 -0.6021 0.7572
29.2794 3103.3600 -776.2030 1015.1700 0.9382 0.0854 -0.3355 0.0429 0.9330 0.3573 0.3435 -0.3496 0.8716
17.6631 3102.4500 -778.2550 1006.8400 0.8360 -0.2185 -0.5034 -0.1215 0.8209 -0.5580 0.5352 0.5276 0.6597
6.9738 3102.4500 -778.2550 1006.8400 0.8360 -0.2185 -0.5034 -0.1215 0.8209 -0.5580 0.5352 0.5276 0.6597
21.5899 3102.4500 -778.2550 1006.8400 0.8360 -0.2185 -0.5034 -0.1215 0.8209 -0.5580 0.5352 0.5276 0.6597
39.5782 3103.3200 -778.4010 1005.0700 0.7997 -0.4038 -0.4444 -0.2598 0.4346 -0.8624 0.5413 0.8051 0.2426
28.0671 3106.2900 -778.7200 1013.3700 0.7817 -0.5605 -0.2735 -0.4352 -0.1761 -0.8829 0.4467 0.8092 -0.3816
10.0115 3106.2900 -778.7200 1013.3700 0.7817 -0.5605 -0.2735 -0.4352 -0.1761 -0.8829 0.4467 0.8092 -0.3816
11.3765 3106.2900 -778.7200 1013.3700 0.7817 -0.5605 -0.2735 -0.4352 -0.1761 -0.8829 0.4467 0.8092 -0.3816
20.4611 3102.1700 -776.9280 1006.4000 0.8133 -0.5764 -0.0791 -0.5033 -0.6288 -0.5927 0.2919 0.5219 -0.8015
14.8797 3102.1700 -776.9280 1006.4000 0.8133 -0.5764 -0.0791 -0.5033 -0.6288 -0.5927 0.2919 0.5219 -0.8015
27.7797 3102.1700 -776.9280 1006.4000 0.8133 -0.5764 -0.0791 -0.5033 -0.6288 -0.5927 0.2919 0.5219 -0.8015
23.7722 3111.1000 -777.7270 1010.0800 0.8875 0.0439 -0.4587 0.0271 0.9888 0.1471 0.4600 -0.1430 0.8763
11.5403 3111.1000 -777.7270 1010.0800 0.8875 0.0439 -0.4587 0.0271 0.9888 0.1471 0.4600 -0.1430 0.8763
21.8731 3111.1000 -777.7270 1010.0800 0.8875 0.0439 -0.4587 0.0271 0.9888 0.1471 0.4600 -0.1430 0.8763
27.1051 3107.7600 -780.5010 1007.4100 0.8263 -0.1040 -0.5535 -0.0654 0.9584 -0.2777 0.5594 0.2657 0.7852
17.1762 3107.7600 -780.5010 1007.4100 0.8263 -0.1040 -0.5535 -0.0654 0.9584 -0.2777 0.5594 0.2657 0.7852
12.1301 3108.0700 -780.2910 1007.3200 0.8132 -0.1265 -0.5680 -0.0949 0.9342 -0.3440 0.5741 0.3336 0.7477
8.3275 3108.0700 -780.2910 1007.3200 0.8132 -0.1265 -0.5680 -0.0949 0.9342 -0.3440 0.5741 0.3336 0.7477
7.6194 3110.2800 -777.8660 999.2600 0.7553 -0.5340 -0.3799 -0.4668 -0.0316 -0.8838 0.4599 0.8449 -0.2731
19.6336 3110.2100 -777.1280 999.2460 0.7573 -0.5632 -0.3305 -0.5068 -0.1878 -0.8413 0.4118 0.8047 -0.4277
18.3101 3110.2100 -777.1280 999.2460 0.7573 -0.5632 -0.3305 -0.5068 -0.1878 -0.8413 0.4118 0.8047 -0.4277
11.9065 3105.2100 -788.1500 1001.7700 0.7661 -0.5785 -0.2799 -0.5404 -0.3442 -0.7678 0.3479 0.7395 -0.5763
11.6019 3105.2100 -788.1500 1001.7700 0.7661 -0.5785 -0.2799 -0.5404 -0.3442 -0.7678 0.3479 0.7395 -0.5763
31.6988 3105.2100 -788.1500 1001.7700 0.7661 -0.5785 -0.2799 -0.5404 -0.3442 -0.7678 0.3479 0.7395 -0.5763
14.0324 3102.5600 -785.2810 1012.2300 0.9745 -0.1921 0.1157 -0.2170 -0.6779 0.7024 -0.0565 -0.7096 -0.7023
11.6267 3102.5600 -785.2810 1012.2300 0.9745 -0.1921 0.1157 -0.2170 -0.6779 0.7024 -0.0565 -0.7096 -0.7023
31.3260 3102.5600 -785.2810 1012.2300 0.9745 -0.1921 0.1157 -0.2170 -0.6779 0.7024 -0.0565 -0.7096 -0.7023
20.8852 3112.1400 -785.2250 1012.7500 0.9507 -0.2957 0.0933 -0.3024 -0.8177 0.4898 -0.0685 -0.4939 -0.8668
13.7039 3112.1400 -785.2250 1012.7500 0.9507 -0.2957 0.0933 -0.3024 -0.8177 0.4898 -0.0685 -0.4939 -0.8668
6.3161 3111.4100 -779.9430 999.4360 0.8214 0.0160 -0.5701 0.0166 0.9985 0.0519 0.5701 -0.0520 0.8199
11.4804 3111.0700 -779.0890 999.2810 0.9170 0.1450 -0.3716 0.1477 0.7419 0.6540 0.3705 -0.6546 0.6589
15.4068 3107.8000 -779.7950 1001.2700 0.7213 -0.5427 -0.4303 -0.5541 -0.0794 -0.8286 0.4155 0.8362 -0.3580
8.6351 3107.8000 -779.7950 1001.2700 0.7213 -0.5427 -0.4303 -0.5541 -0.0794 -0.8286 0.4155 0.8362 -0.3580
27.6300 3108.9800 -776.9880 1006.4300 0.9643 0.1319 -0.2295 0.1627 0.3887 0.9069 0.2089 -0.9119 0.3534
37.2723 3107.3200 -788.2070 1004.2900 0.7055 -0.2808 -0.6507 -0.2826 0.7305 -0.6217 0.6499 0.6225 0.4360
30.3760 3112.1500 -776.6640 997.3140 0.6981 -0.4829 -0.5286 -0.5256 0.1558 -0.8364 0.4862 0.8617 -0.1450
22.2248 3109.5900 -776.9120 1009.3300 0.8640 0.1259 -0.4875 0.1402 0.8697 0.4732 0.4836 -0.4772 0.7338
32.3223 3109.5900 -776.9120 1009.3300 0.8640 0.1259 -0.4875 0.1402 0.8697 0.4732 0.4836 -0.4772 0.7338
30.9230 3107.8900 -778.6000 999.0090 0.6939 -0.4949 -0.5231 -0.5503 0.1040 -0.8284 0.4644 0.8627 -0.2002
31.7658 3111.3100 -775.7470 999.8830 0.9545 -0.2981 0.0069 -0.2598 -0.8202 0.5096 -0.1462 -0.4882 -0.8604
11.8229 3111.3100 -775.7470 999.8830 0.9545 -0.2981 0.0069 -0.2598 -0.8202 0.5096 -0.1462 -0.4882 -0.8604
18.2310 3111.3100 -775.7470 999.8830 0.9545 -0.2981 0.0069 -0.2598 -0.8202 0.5096 -0.1462 -0.4882 -0.8604
35.8865 3110.6500 -776.0260 1000.3900 0.9001 -0.4325 -0.0525 -0.4158 -0.8887 0.1930 -0.1302 -0.1519 -0.9798
22.5397 3110.6500 -776.0260 1000.3900 0.9001 -0.4325 -0.0525 -0.4158 -0.8887 0.1930 -0.1302 -0.1519 -0.9798
28.6416 3110.6500 -776.0260 1000.3900 0.9001 -0.4325 -0.0525 -0.4158 -0.8887 0.1930 -0.1302 -0.1519 -0.9798
47.3354 3110.6500 -776.0260 1000.3900 0.9001 -0.4325 -0.0525 -0.4158 -0.8887 0.1930 -0.1302 -0.1519 -0.9798
60.4839 3115.2600 -786.6930 1007.3800 0.6588 -0.4721 -0.5857 -0.5853 0.1675 -0.7933 0.4726 0.8655 -0.1660
63.6453 3115.2600 -786.6930 1007.3800 0.6588 -0.4721 -0.5857 -0.5853 0.1675 -0.7933 0.4726 0.8655 -0.1660
56.9700 3107.3600 -787.6430 1010.1100 0.7119 -0.0011 -0.7023 -0.0286 0.9991 -0.0305 0.7017 0.0418 0.7113
43.6056 3107.3600 -787.6430 1010.1100 0.7119 -0.0011 -0.7023 -0.0286 0.9991 -0.0305 0.7017 0.0418 0.7113
33.3829 3107.9800 -787.9270 1007.0800 0.6242 -0.2679 -0.7339 -0.3703 0.7257 -0.5799 0.6879 0.6337 0.3538
21.9028 3107.9800 -787.9270 1007.0800 0.6242 -0.2679 -0.7339 -0.3703 0.7257 -0.5799 0.6879 0.6337 0.3538
26.5548 3115.2100 -776.1850 999.8840 0.7118 -0.5752 -0.4031 -0.6820 -0.4287 -0.5925 0.1681 0.6967 -0.6974
11.6027 3115.2900 -776.1010 1002.9700 0.7254 -0.5818 -0.3679 -0.6793 -0.5188 -0.5190 0.1111 0.6264 -0.7716
11.5812 3106.0100 -785.4080 1003.6400 0.9197 -0.3784 -0.1044 -0.3197 -0.8765 0.3599 -0.2277 -0.2976 -0.9271
15.3395 3106.0100 -785.4080 1003.6400 0.9197 -0.3784 -0.1044 -0.3197 -0.8765 0.3599 -0.2277 -0.2976 -0.9271
10.3820 3104.1200 -781.6940 1012.9500 0.6364 -0.5483 -0.5426 -0.6898 -0.0899 -0.7184 0.3451 0.8314 -0.4354
24.0629 3105.9000 -781.2390 1013.3400 0.6465 -0.5669 -0.5106 -0.7043 -0.1861 -0.6851 0.2934 0.8025 -0.5196
45.8101 3105.9000 -781.2390 1013.3400 0.6465 -0.5669 -0.5106 -0.7043 -0.1861 -0.6851 0.2934 0.8025 -0.5196
41.4459 3104.1900 -785.3420 999.3030 0.9828 -0.0442 -0.1793 0.1480 -0.3924 0.9078 -0.1105 -0.9187 -0.3791
43.3151 3104.1900 -785.3420 999.3030 0.9828 -0.0442 -0.1793 0.1480 -0.3924 0.9078 -0.1105 -0.9187 -0.3791
24.7707 3116.7900 -782.2520 1005.4100 0.8259 -0.5130 -0.2339 -0.5295 -0.8483 -0.0092 -0.1937 0.1315 -0.9722
18.4693 3116.7900 -782.2520 1005.4100 0.8259 -0.5130 -0.2339 -0.5295 -0.8483 -0.0092 -0.1937 0.1315 -0.9722
6.3682 3105.2000 -779.6420 1005.9700 0.5747 -0.4940 -0.6525 -0.6855 0.1450 -0.7135 0.4471 0.8573 -0.2553
20.6975 3102.1400 -781.4670 1015.9200 0.9661 0.0084 -0.2580 0.2541 -0.2071 0.9447 -0.0455 -0.9783 -0.2022
12.9944 3101.9100 -778.5270 1005.4200 0.7386 0.1151 -0.6643 0.2358 0.8790 0.4144 0.6316 -0.4627 0.6221
21.8912 3102.1400 -781.6020 1015.2600 0.5778 -0.0861 -0.8117 -0.1557 0.9645 -0.2131 0.8012 0.2495 0.5439
17.8426 3101.4800 -776.7580 1006.9500 0.9030 0.1145 -0.4142 0.3818 0.2285 0.8956 0.1972 -0.9668 0.1626
19.6908 3101.4800 -776.7580 1006.9500 0.9030 0.1145 -0.4142 0.3818 0.2285 0.8956 0.1972 -0.9668 0.1626
38.1608 3110.0700 -776.1190 1004.6000 0.8864 0.1363 -0.4424 0.3925 0.2852 0.8744 0.2453 -0.9487 0.1993
40.7112 3103.1400 -776.3440 1000.3200 0.9264 -0.3082 -0.2165 -0.1534 -0.8337 0.5305 -0.3440 -0.4582 -0.8196
22.3603 3103.1400 -776.3440 1000.3200 0.9264 -0.3082 -0.2165 -0.1534 -0.8337 0.5305 -0.3440 -0.4582 -0.8196
10.8625 3107.0400 -785.3770 999.0080 0.9112 -0.3467 -0.2226 -0.2080 -0.8535 0.4778 -0.3556 -0.3890 -0.8498
13.5641 3101.4100 -776.2590 1001.5200 0.8728 -0.4169 -0.2538 -0.3377 -0.8912 0.3027 -0.3524 -0.1785 -0.9187
23.1540 3101.4100 -776.2590 1001.5200 0.8728 -0.4169 -0.2538 -0.3377 -0.8912 0.3027 -0.3524 -0.1785 -0.9187
22.7909 3110.6800 -779.2900 1003.3600 0.5600 -0.0143 -0.8284 -0.0103 0.9997 -0.0242 0.8284 0.0221 0.5597
17.0782 3110.6800 -779.2900 1003.3600 0.5600 -0.0143 -0.8284 -0.0103 0.9997 -0.0242 0.8284 0.0221 0.5597
37.1116 3109.1000 -779.2480 998.5740 0.4811 -0.4193 -0.7699 -0.6898 0.3609 -0.6276 0.5410 0.8330 -0.1156
39.5478 3105.5600 -778.3780 1015.9000 0.8972 0.0804 -0.4343 0.4350 0.0085 0.9004 0.0761 -0.9967 -0.0273
19.9672 3105.5600 -778.3780 1015.9000 0.8972 0.0804 -0.4343 0.4350 0.0085 0.9004 0.0761 -0.9967 -0.0273
26.7511 3105.5600 -778.3780 1015.9000 0.8972 0.0804 -0.4343 0.4350 0.0085 0.9004 0.0761 -0.9967 -0.0273
9.4151 3103.1800 -777.4610 1015.1700 0.6989 0.1424 -0.7009 0.3809 0.7554 0.5333 0.6054 -0.6396 0.4737
27.4686 3103.1800 -777.4610 1015.1700 0.6989 0.1424 -0.7009 0.3809 0.7554 0.5333 0.6054 -0.6396 0.4737
43.0241 3108.3300 -788.3500 1002.5400 0.4186 -0.2401 -0.8759 -0.4745 0.7645 -0.4363 0.7743 0.5983 0.2061
40.4615 3108.3300 -788.3500 1002.5400 0.4186 -0.2401 -0.8759 -0.4745 0.7645 -0.4363 0.7743 0.5983 0.2061
51.3850 3111.9900 -787.7500 1005.2600 0.5278 -0.5845 -0.6163 -0.8448 -0.2861 -0.4522 0.0881 0.7593 -0.6447
43.7108 3111.9900 -787.7500 1005.2600 0.5278 -0.5845 -0.6163 -0.8448 -0.2861 -0.4522 0.0881 0.7593 -0.6447
