0
0
0
0
0
0
0
0
0
0
0
0
0
0
0
0
0
0
0
0
0
0
0
0
0
33.812 3116.03 -782.153 1011.78 0.770199 -0.585114 0.25384 -0.116923 -0.520776 -0.845648 0.626994 0.621638 -0.469515 
33.8116 3116.03 -782.153 1011.78 0.770199 -0.585114 0.25384 -0.116923 -0.520776 -0.845648 0.626994 0.621638 -0.469515 
33.8112 3116.03 -782.153 1011.78 0.770199 -0.585114 0.25384 -0.116923 -0.520776 -0.845648 0.626994 0.621638 -0.469515 
33.8108 3116.03 -782.153 1011.78 0.770199 -0.585114 0.25384 -0.116923 -0.520776 -0.845648 0.626994 0.621638 -0.469515 
33.8104 3116.03 -782.153 1011.78 0.770199 -0.585114 0.25384 -0.116923 -0.520776 -0.845648 0.626994 0.621638 -0.469515 
33.81 3116.03 -782.153 1011.78 0.770199 -0.585114 0.25384 -0.116923 -0.520776 -0.845648 0.626994 0.621638 -0.469515 
33.8096 3116.03 -782.153 1011.78 0.770199 -0.585114 0.25384 -0.116923 -0.520776 -0.845648 0.626994 0.621638 -0.469515 
33.8092 3116.03 -782.153 1011.78 0.770199 -0.585114 0.25384 -0.116923 -0.520776 -0.845648 0.626994 0.621638 -0.469515 
33.8088 3116.03 -782.153 1011.78 0.770199 -0.585114 0.25384 -0.116923 -0.520776 -0.845648 0.626994 0.621638 -0.469515 
33.8084 3116.03 -782.153 1011.78 0.770199 -0.585114 0.25384 -0.116923 -0.520776 -0.845648 0.626994 0.621638 -0.469515 
33.808 3116.03 -782.153 1011.78 0.770199 -0.585114 0.25384 -0.116923 -0.520776 -0.845648 0.626994 0.621638 -0.469515 
33.8076 3116.03 -782.153 1011.78 0.770199 -0.585114 0.25384 -0.116923 -0.520776 -0.845648 0.626994 0.621638 -0.469515 
33.8072 3116.03 -782.153 1011.78 0.770199 -0.585114 0.25384 -0.116923 -0.520776 -0.845648 0.626994 0.621638 -0.469515 
33.8068 3116.03 -782.153 1011.78 0.770199 -0.585114 0.25384 -0.116923 -0.520776 -0.845648 0.626994 0.621638 -0.469515 
33.8064 3116.03 -782.153 1011.78 0.770199 -0.585114 0.25384 -0.116923 -0.520776 -0.845648 0.626994 0.621638 -0.469515 
33.806 3116.03 -782.153 1011.78 0.770199 -0.585114 0.25384 -0.116923 -0.520776 -0.845648 0.626994 0.621638 -0.469515 
33.8056 3116.03 -782.153 1011.78 0.770199 -0.585114 0.25384 -0.116923 -0.520776 -0.845648 0.626994 0.621638 -0.469515 
33.8052 3116.03 -782.153 1011.78 0.770199 -0.585114 0.25384 -0.116923 -0.520776 -0.845648 0.626994 0.621638 -0.469515 
33.8048 3116.03 -782.153 1011.78 0.770199 -0.585114 0.25384 -0.116923 -0.520776 -0.845648 0.626994 0.621638 -0.469515 
33.8045 3116.03 -782.153 1011.78 0.770199 -0.585114 0.25384 -0.116923 -0.520776 -0.845648 0.626994 0.621638 -0.469515 
33.8041 3116.03 -782.153 1011.78 0.770199 -0.585114 0.25384 -0.116923 -0.520776 -0.845648 0.626994 0.621638 -0.469515 
33.8037 3116.03 -782.153 1011.78 0.770199 -0.585114 0.25384 -0.116923 -0.520776 -0.845648 0.626994 0.621638 -0.469515 
33.8033 3116.03 -782.153 1011.78 0.770199 -0.585114 0.25384 -0.116923 -0.520776 -0.845648 0.626994 0.621638 -0.469515 
33.803 3116.03 -782.153 1011.78 0.770199 -0.585114 0.25384 -0.116923 -0.520776 -0.845648 0.626994 0.621638 -0.469515 
33.8026 3116.03 -782.153 1011.78 0.770199 -0.585114 0.25384 -0.116923 -0.520776 -0.845648 0.626994 0.621638 -0.469515 
33.8023 3116.03 -782.153 1011.78 0.770199 -0.585114 0.25384 -0.116923 -0.520776 -0.845648 0.626994 0.621638 -0.469515 
33.8019 3116.03 -782.153 1011.78 0.770199 -0.585114 0.25384 -0.116923 -0.520776 -0.845648 0.626994 0.621638 -0.469515 
33.8016 3116.03 -782.153 1011.78 0.770199 -0.585114 0.25384 -0.116923 -0.520776 -0.845648 0.626994 0.621638 -0.469515 
33.8013 3116.03 -782.153 1011.78 0.770199 -0.585114 0.25384 -0.116923 -0.520776 -0.845648 0.626994 0.621638 -0.469515 
33.8009 3116.03 -782.153 1011.78 0.770199 -0.585114 0.25384 -0.116923 -0.520776 -0.845648 0.626994 0.621638 -0.469515 
33.8006 3116.03 -782.153 1011.78 0.770199 -0.585114 0.25384 -0.116923 -0.520776 -0.845648 0.626994 0.621638 -0.469515 
33.8003 3116.03 -782.153 1011.78 0.770199 -0.585114 0.25384 -0.116923 -0.520776 -0.845648 0.626994 0.621638 -0.469515 
33.8 3116.03 -782.153 1011.78 0.770199 -0.585114 0.25384 -0.116923 -0.520776 -0.845648 0.626994 0.621638 -0.469515 
33.7997 3116.03 -782.153 1011.78 0.770199 -0.585114 0.25384 -0.116923 -0.520776 -0.845648 0.626994 0.621638 -0.469515 
33.7994 3116.03 -782.153 1011.78 0.770199 -0.585114 0.25384 -0.116923 -0.520776 -0.845648 0.626994 0.621638 -0.469515 
33.7992 3116.03 -782.153 1011.78 0.770199 -0.585114 0.25384 -0.116923 -0.520776 -0.845648 0.626994 0.621638 -0.469515 
33.7989 3116.03 -782.153 1011.78 0.770199 -0.585114 0.25384 -0.116923 -0.520776 -0.845648 0.626994 0.621638 -0.469515 
33.7987 3116.03 -782.153 1011.78 0.770199 -0.585114 0.25384 -0.116923 -0.520776 -0.845648 0.626994 0.621638 -0.469515 
33.7984 3116.03 -782.153 1011.78 0.770199 -0.585114 0.25384 -0.116923 -0.520776 -0.845648 0.626994 0.621638 -0.469515 
33.7982 3116.03 -782.153 1011.78 0.770199 -0.585114 0.25384 -0.116923 -0.520776 -0.845648 0.626994 0.621638 -0.469515 
33.7979 3116.03 -782.153 1011.78 0.770199 -0.585114 0.25384 -0.116923 -0.520776 -0.845648 0.626994 0.621638 -0.469515 
33.7977 3116.03 -782.153 1011.78 0.770199 -0.585114 0.25384 -0.116923 -0.520776 -0.845648 0.626994 0.621638 -0.469515 
33.7975 3116.03 -782.153 1011.78 0.770199 -0.585114 0.25384 -0.116923 -0.520776 -0.845648 0.626994 0.621638 -0.469515 
33.7973 3116.03 -782.153 1011.78 0.770199 -0.585114 0.25384 -0.116923 -0.520776 -0.845648 0.626994 0.621638 -0.469515 
33.7971 3116.03 -782.153 1011.78 0.770199 -0.585114 0.25384 -0.116923 -0.520776 -0.845648 0.626994 0.621638 -0.469515 
33.7969 3116.03 -782.153 1011.78 0.770199 -0.585114 0.25384 -0.116923 -0.520776 -0.845648 0.626994 0.621638 -0.469515 
33.7967 3116.03 -782.153 1011.78 0.770199 -0.585114 0.25384 -0.116923 -0.520776 -0.845648 0.626994 0.621638 -0.469515 
33.7965 3116.03 -782.153 1011.78 0.770199 -0.585114 0.25384 -0.116923 -0.520776 -0.845648 0.626994 0.621638 -0.469515 
33.7964 3116.03 -782.153 1011.78 0.770199 -0.585114 0.25384 -0.116923 -0.520776 -0.845648 0.626994 0.621638 -0.469515 
33.7962 3116.03 -782.153 1011.78 0.770199 -0.585114 0.25384 -0.116923 -0.520776 -0.845648 0.626994 0.621638 -0.469515 
33.7961 3116.03 -782.153 1011.78 0.770199 -0.585114 0.25384 -0.116923 -0.520776 -0.845648 0.626994 0.621638 -0.469515 
33.7959 3116.03 -782.153 1011.78 0.770199 -0.585114 0.25384 -0.116923 -0.520776 -0.845648 0.626994 0.621638 -0.469515 
33.7958 3116.03 -782.153 1011.78 0.770199 -0.585114 0.25384 -0.116923 -0.520776 -0.845648 0.626994 0.621638 -0.469515 
33.7957 3116.03 -782.153 1011.78 0.770199 -0.585114 0.25384 -0.116923 -0.520776 -0.845648 0.626994 0.621638 -0.469515 
33.7956 3116.03 -782.153 1011.78 0.770199 -0.585114 0.25384 -0.116923 -0.520776 -0.845648 0.626994 0.621638 -0.469515 
33.7954 3116.03 -782.153 1011.78 0.770199 -0.585114 0.25384 -0.116923 -0.520776 -0.845648 0.626994 0.621638 -0.469515 
33.7953 3116.03 -782.153 1011.78 0.770199 -0.585114 0.25384 -0.116923 -0.520776 -0.845648 0.626994 0.621638 -0.469515 
33.7952 3116.03 -782.153 1011.78 0.770199 -0.585114 0.25384 -0.116923 -0.520776 -0.845648 0.626994 0.621638 -0.469515 
33.7951 3116.03 -782.153 1011.78 0.770199 -0.585114 0.25384 -0.116923 -0.520776 -0.845648 0.626994 0.621638 -0.469515 
33.7951 3116.03 -782.153 1011.78 0.770199 -0.585114 0.25384 -0.116923 -0.520776 -0.845648 0.626994 0.621638 -0.469515 
33.795 3116.03 -782.153 1011.78 0.770199 -0.585114 0.25384 -0.116923 -0.520776 -0.845648 0.626994 0.621638 -0.469515 
33.7949 3116.03 -782.153 1011.78 0.770199 -0.585114 0.25384 -0.116923 -0.520776 -0.845648 0.626994 0.621638 -0.469515 
33.7948 3116.03 -782.153 1011.78 0.770199 -0.585114 0.25384 -0.116923 -0.520776 -0.845648 0.626994 0.621638 -0.469515 
33.7948 3116.03 -782.153 1011.78 0.770199 -0.585114 0.25384 -0.116923 -0.520776 -0.845648 0.626994 0.621638 -0.469515 
33.7947 3116.03 -782.153 1011.78 0.770199 -0.585114 0.25384 -0.116923 -0.520776 -0.845648 0.626994 0.621638 -0.469515 
33.7947 3116.03 -782.153 1011.78 0.770199 -0.585114 0.25384 -0.116923 -0.520776 -0.845648 0.626994 0.621638 -0.469515 
33.7946 3116.03 -782.153 1011.78 0.770199 -0.585114 0.25384 -0.116923 -0.520776 -0.845648 0.626994 0.621638 -0.469515 
33.7946 3116.03 -782.153 1011.78 0.770199 -0.585114 0.25384 -0.116923 -0.520776 -0.845648 0.626994 0.621638 -0.469515 
33.7945 3116.03 -782.153 1011.78 0.770199 -0.585114 0.25384 -0.116923 -0.520776 -0.845648 0.626994 0.621638 -0.469515 
33.7945 3116.03 -782.153 1011.78 0.770199 -0.585114 0.25384 -0.116923 -0.520776 -0.845648 0.626994 0.621638 -0.469515 
33.7945 3116.03 -782.153 1011.78 0.770199 -0.585114 0.25384 -0.116923 -0.520776 -0.845648 0.626994 0.621638 -0.469515 
33.7945 3116.03 -782.153 1011.78 0.770199 -0.585114 0.25384 -0.116923 -0.520776 -0.845648 0.626994 0.621638 -0.469515 
33.7944 3116.03 -782.153 1011.78 0.770199 -0.585114 0.25384 -0.116923 -0.520776 -0.845648 0.626994 0.621638 -0.469515 
33.7944 3116.03 -782.153 1011.78 0.770199 -0.585114 0.25384 -0.116923 -0.520776 -0.845648 0.626994 0.621638 -0.469515 
33.7944 3116.03 -782.153 1011.78 0.770199 -0.585114 0.25384 -0.116923 -0.520776 -0.845648 0.626994 0.621638 -0.469515 
33.7944 3116.03 -782.153 1011.78 0.770199 -0.585114 0.25384 -0.116923 -0.520776 -0.845648 0.626994 0.621638 -0.469515 
33.7944 3116.03 -782.153 1011.78 0.770199 -0.585114 0.25384 -0.116923 -0.520776 -0.845648 0.626994 0.621638 -0.469515 
33.7944 3116.03 -782.153 1011.78 0.770199 -0.585114 0.25384 -0.116923 -0.520776 -0.845648 0.626994 0.621638 -0.469515 
33.7944 3116.03 -782.153 1011.78 0.770199 -0.585114 0.25384 -0.116923 -0.520776 -0.845648 0.626994 0.621638 -0.469515 
33.7944 3116.03 -782.153 1011.78 0.770199 -0.585114 0.25384 -0.116923 -0.520776 -0.845648 0.626994 0.621638 -0.469515 
33.7944 3116.03 -782.153 1011.78 0.770199 -0.585114 0.25384 -0.116923 -0.520776 -0.845648 0.626994 0.621638 -0.469515 
33.7944 3116.03 -782.153 1011.78 0.770199 -0.585114 0.25384 -0.116923 -0.520776 -0.845648 0.626994 0.621638 -0.469515 
33.7944 3116.03 -782.153 1011.78 0.770199 -0.585114 0.25384 -0.116923 -0.520776 -0.845648 0.626994 0.621638 -0.469515 
33.7944 3116.03 -782.153 1011.78 0.770199 -0.585114 0.25384 -0.116923 -0.520776 -0.845648 0.626994 0.621638 -0.469515 
33.7944 3116.03 -782.153 1011.78 0.770199 -0.585114 0.25384 -0.116923 -0.520776 -0.845648 0.626994 0.621638 -0.469515 
33.7944 3116.03 -782.153 1011.78 0.770199 -0.585114 0.25384 -0.116923 -0.520776 -0.845648 0.626994 0.621638 -0.469515 
33.7944 3116.03 -782.153 1011.78 0.770199 -0.585114 0.25384 -0.116923 -0.520776 -0.845648 0.626994 0.621638 -0.469515 
33.7913 3116.03 -782.153 1011.78 0.770199 -0.585114 0.25384 -0.116923 -0.520776 -0.845648 0.626994 0.621638 -0.469515 
33.7881 3116.03 -782.153 1011.78 0.770199 -0.585114 0.25384 -0.116923 -0.520776 -0.845648 0.626994 0.621638 -0.469515 
33.7819 3116.03 -782.153 1011.78 0.770199 -0.585114 0.25384 -0.116923 -0.520776 -0.845648 0.626994 0.621638 -0.469515 
33.7693 3116.03 -782.153 1011.78 0.770199 -0.585114 0.25384 -0.116923 -0.520776 -0.845648 0.626994 0.621638 -0.469515 
33.7505 3116.03 -782.153 1011.78 0.770199 -0.585114 0.25384 -0.116923 -0.520776 -0.845648 0.626994 0.621638 -0.469515 
33.7255 3116.03 -782.153 1011.78 0.770199 -0.585114 0.25384 -0.116923 -0.520776 -0.845648 0.626994 0.621638 -0.469515 
33.691 3116.03 -782.153 1011.78 0.770199 -0.585114 0.25384 -0.116923 -0.520776 -0.845648 0.626994 0.621638 -0.469515 
33.6471 3116.03 -782.153 1011.78 0.770199 -0.585114 0.25384 -0.116923 -0.520776 -0.845648 0.626994 0.621638 -0.469515 
33.5907 3116.03 -782.153 1011.78 0.770199 -0.585114 0.25384 -0.116923 -0.520776 -0.845648 0.626994 0.621638 -0.469515 
33.525 3116.03 -782.153 1011.78 0.770199 -0.585114 0.25384 -0.116923 -0.520776 -0.845648 0.626994 0.621638 -0.469515 
33.4435 3116.03 -782.153 1011.78 0.770199 -0.585114 0.25384 -0.116923 -0.520776 -0.845648 0.626994 0.621638 -0.469515 
33.3496 3116.03 -782.153 1011.78 0.770199 -0.585114 0.25384 -0.116923 -0.520776 -0.845648 0.626994 0.621638 -0.469515 
33.2401 3116.03 -782.153 1011.78 0.770199 -0.585114 0.25384 -0.116923 -0.520776 -0.845648 0.626994 0.621638 -0.469515 
33.1118 3116.03 -782.153 1011.78 0.770199 -0.585114 0.25384 -0.116923 -0.520776 -0.845648 0.626994 0.621638 -0.469515 
32.9679 3116.03 -782.153 1011.78 0.770199 -0.585114 0.25384 -0.116923 -0.520776 -0.845648 0.626994 0.621638 -0.469515 
32.8053 3116.03 -782.153 1011.78 0.770199 -0.585114 0.25384 -0.116923 -0.520776 -0.845648 0.626994 0.621638 -0.469515 
32.621 3116.03 -782.153 1011.78 0.770199 -0.585114 0.25384 -0.116923 -0.520776 -0.845648 0.626994 0.621638 -0.469515 
32.418 3116.03 -782.153 1011.78 0.770199 -0.585114 0.25384 -0.116923 -0.520776 -0.845648 0.626994 0.621638 -0.469515 
32.1933 3116.03 -782.153 1011.78 0.770199 -0.585114 0.25384 -0.116923 -0.520776 -0.845648 0.626994 0.621638 -0.469515 
31.9438 3116.03 -782.153 1011.78 0.770199 -0.585114 0.25384 -0.116923 -0.520776 -0.845648 0.626994 0.621638 -0.469515 
31.6696 3116.03 -782.153 1011.78 0.770199 -0.585114 0.25384 -0.116923 -0.520776 -0.845648 0.626994 0.621638 -0.469515 
31.3707 3116.03 -782.153 1011.78 0.770199 -0.585114 0.25384 -0.116923 -0.520776 -0.845648 0.626994 0.621638 -0.469515 
31.0442 3116.03 -782.153 1011.78 0.770199 -0.585114 0.25384 -0.116923 -0.520776 -0.845648 0.626994 0.621638 -0.469515 
30.6932 3116.03 -782.153 1011.78 0.770199 -0.585114 0.25384 -0.116923 -0.520776 -0.845648 0.626994 0.621638 -0.469515 
30.3112 3116.03 -782.153 1011.78 0.770199 -0.585114 0.25384 -0.116923 -0.520776 -0.845648 0.626994 0.621638 -0.469515 
29.9024 3116.03 -782.153 1011.78 0.770199 -0.585114 0.25384 -0.116923 -0.520776 -0.845648 0.626994 0.621638 -0.469515 
29.4633 3116.03 -782.153 1011.78 0.770199 -0.585114 0.25384 -0.116923 -0.520776 -0.845648 0.626994 0.621638 -0.469515 
28.9911 3116.03 -782.153 1011.78 0.770199 -0.585114 0.25384 -0.116923 -0.520776 -0.845648 0.626994 0.621638 -0.469515 
28.4891 3116.03 -782.153 1011.78 0.770199 -0.585114 0.25384 -0.116923 -0.520776 -0.845648 0.626994 0.621638 -0.469515 
27.954 3116.03 -782.153 1011.78 0.770199 -0.585114 0.25384 -0.116923 -0.520776 -0.845648 0.626994 0.621638 -0.469515 
27.3872 3116.03 -782.153 1011.78 0.770199 -0.585114 0.25384 -0.116923 -0.520776 -0.845648 0.626994 0.621638 -0.469515 
26.7849 3116.03 -782.153 1011.78 0.770199 -0.585114 0.25384 -0.116923 -0.520776 -0.845648 0.626994 0.621638 -0.469515 
26.1517 3116.03 -782.153 1011.78 0.770199 -0.585114 0.25384 -0.116923 -0.520776 -0.845648 0.626994 0.621638 -0.469515 
25.4812 3116.03 -782.153 1011.78 0.770199 -0.585114 0.25384 -0.116923 -0.520776 -0.845648 0.626994 0.621638 -0.469515 
24.775 3116.03 -782.153 1011.78 0.770199 -0.585114 0.25384 -0.116923 -0.520776 -0.845648 0.626994 0.621638 -0.469515 
24.0359 3116.03 -782.153 1011.78 0.770199 -0.585114 0.25384 -0.116923 -0.520776 -0.845648 0.626994 0.621638 -0.469515 
23.2596 3116.03 -782.153 1011.78 0.770199 -0.585114 0.25384 -0.116923 -0.520776 -0.845648 0.626994 0.621638 -0.469515 
22.4503 3116.03 -782.153 1011.78 0.770199 -0.585114 0.25384 -0.116923 -0.520776 -0.845648 0.626994 0.621638 -0.469515 
21.6067 3116.03 -782.153 1011.78 0.770199 -0.585114 0.25384 -0.116923 -0.520776 -0.845648 0.626994 0.621638 -0.469515 
20.7309 3116.03 -782.153 1011.78 0.770199 -0.585114 0.25384 -0.116923 -0.520776 -0.845648 0.626994 0.621638 -0.469515 
19.8217 3116.03 -782.153 1011.78 0.770199 -0.585114 0.25384 -0.116923 -0.520776 -0.845648 0.626994 0.621638 -0.469515 
18.8868 3116.03 -782.153 1011.78 0.770199 -0.585114 0.25384 -0.116923 -0.520776 -0.845648 0.626994 0.621638 -0.469515 
17.9234 3116.03 -782.153 1011.78 0.770199 -0.585114 0.25384 -0.116923 -0.520776 -0.845648 0.626994 0.621638 -0.469515 
16.9432 3116.03 -782.153 1011.78 0.770199 -0.585114 0.25384 -0.116923 -0.520776 -0.845648 0.626994 0.621638 -0.469515 
15.9457 3116.03 -782.153 1011.78 0.770199 -0.585114 0.25384 -0.116923 -0.520776 -0.845648 0.626994 0.621638 -0.469515 
14.9425 3116.03 -782.153 1011.78 0.770199 -0.585114 0.25384 -0.116923 -0.520776 -0.845648 0.626994 0.621638 -0.469515 
13.949 3116.03 -782.153 1011.78 0.770199 -0.585114 0.25384 -0.116923 -0.520776 -0.845648 0.626994 0.621638 -0.469515 
12.9816 3116.03 -782.153 1011.78 0.770199 -0.585114 0.25384 -0.116923 -0.520776 -0.845648 0.626994 0.621638 -0.469515 
12.0625 3116.03 -782.153 1011.78 0.770199 -0.585114 0.25384 -0.116923 -0.520776 -0.845648 0.626994 0.621638 -0.469515 
11.2262 3116.03 -782.153 1011.78 0.770199 -0.585114 0.25384 -0.116923 -0.520776 -0.845648 0.626994 0.621638 -0.469515 
10.5163 3116.03 -782.153 1011.78 0.770199 -0.585114 0.25384 -0.116923 -0.520776 -0.845648 0.626994 0.621638 -0.469515 
9.98532 3116.03 -782.153 1011.78 0.770199 -0.585114 0.25384 -0.116923 -0.520776 -0.845648 0.626994 0.621638 -0.469515 
9.69521 3116.03 -782.153 1011.78 0.770199 -0.585114 0.25384 -0.116923 -0.520776 -0.845648 0.626994 0.621638 -0.469515 
9.69397 3116.03 -782.153 1011.78 0.770199 -0.585114 0.25384 -0.116923 -0.520776 -0.845648 0.626994 0.621638 -0.469515 
10.0176 3116.03 -782.153 1011.78 0.770199 -0.585114 0.25384 -0.116923 -0.520776 -0.845648 0.626994 0.621638 -0.469515 
10.6639 3116.03 -782.153 1011.78 0.770199 -0.585114 0.25384 -0.116923 -0.520776 -0.845648 0.626994 0.621638 -0.469515 
11.6128 3116.03 -782.153 1011.78 0.770199 -0.585114 0.25384 -0.116923 -0.520776 -0.845648 0.626994 0.621638 -0.469515 
12.2014 3116.27 -782.732 1010.32 0.771305 -0.583493 0.254213 -0.120899 -0.52646 -0.84156 0.624878 0.618365 -0.476605 
12.3271 3116.27 -782.732 1010.32 0.771305 -0.583493 0.254213 -0.120899 -0.52646 -0.84156 0.624878 0.618365 -0.476605 
12.8055 3116.27 -782.732 1010.32 0.771305 -0.583493 0.254213 -0.120899 -0.52646 -0.84156 0.624878 0.618365 -0.476605 
13.6294 3116.27 -782.732 1010.32 0.771305 -0.583493 0.254213 -0.120899 -0.52646 -0.84156 0.624878 0.618365 -0.476605 
14.7716 3116.27 -782.732 1010.32 0.771305 -0.583493 0.254213 -0.120899 -0.52646 -0.84156 0.624878 0.618365 -0.476605 
14.7753 3102.87 -778.525 1001.25 0.952367 -0.288165 -0.0997878 0.140197 0.704324 -0.695897 0.270816 0.64876 0.711175 
13.3199 3102.87 -778.525 1001.25 0.952367 -0.288165 -0.0997878 0.140197 0.704324 -0.695897 0.270816 0.64876 0.711175 
12.1308 3102.87 -778.525 1001.25 0.952367 -0.288165 -0.0997878 0.140197 0.704324 -0.695897 0.270816 0.64876 0.711175 
11.3387 3102.87 -778.525 1001.25 0.952367 -0.288165 -0.0997878 0.140197 0.704324 -0.695897 0.270816 0.64876 0.711175 
11.0788 3102.87 -778.525 1001.25 0.952367 -0.288165 -0.0997878 0.140197 0.704324 -0.695897 0.270816 0.64876 0.711175 
11.4345 3102.87 -778.525 1001.25 0.952367 -0.288165 -0.0997878 0.140197 0.704324 -0.695897 0.270816 0.64876 0.711175 
12.4013 3102.87 -778.525 1001.25 0.952367 -0.288165 -0.0997878 0.140197 0.704324 -0.695897 0.270816 0.64876 0.711175 
13.8942 3102.87 -778.525 1001.25 0.952367 -0.288165 -0.0997878 0.140197 0.704324 -0.695897 0.270816 0.64876 0.711175 
13.1049 3111.72 -783.576 996.041 0.96114 0.143054 0.236105 -0.266449 0.704445 0.657847 -0.0722152 -0.695193 0.715187 
12.5521 3111.72 -783.576 996.041 0.96114 0.143054 0.236105 -0.266449 0.704445 0.657847 -0.0722152 -0.695193 0.715187 
12.6993 3111.72 -783.576 996.041 0.96114 0.143054 0.236105 -0.266449 0.704445 0.657847 -0.0722152 -0.695193 0.715187 
13.5755 3111.72 -783.576 996.041 0.96114 0.143054 0.236105 -0.266449 0.704445 0.657847 -0.0722152 -0.695193 0.715187 
15.1027 3111.72 -783.576 996.041 0.96114 0.143054 0.236105 -0.266449 0.704445 0.657847 -0.0722152 -0.695193 0.715187 
15.3631 3116.92 -783.755 1002.49 0.995398 -0.0663737 -0.0691149 0.0512025 0.978075 -0.20186 0.0809978 0.197393 0.976973 
15.3385 3116.92 -783.755 1002.49 0.995398 -0.0663737 -0.0691149 0.0512025 0.978075 -0.20186 0.0809978 0.197393 0.976973 
14.3066 3100.22 -781.525 999.152 0.72988 -0.419416 0.539783 -0.444479 -0.891115 -0.0913919 0.51934 -0.173217 -0.836829 
13.7941 3100.22 -781.525 999.152 0.72988 -0.419416 0.539783 -0.444479 -0.891115 -0.0913919 0.51934 -0.173217 -0.836829 
13.7485 3099.9 -781.049 998.064 0.730575 -0.436369 0.525207 -0.430842 -0.891307 -0.141232 0.52975 -0.123101 -0.839173 
12.6253 3099.79 -780.98 998.013 0.730498 -0.443549 0.519265 -0.425079 -0.890432 -0.162597 0.53449 -0.101952 -0.839003 
12.4849 3099.79 -780.98 998.013 0.730498 -0.443549 0.519265 -0.425079 -0.890432 -0.162597 0.53449 -0.101952 -0.839003 
13.4213 3099.62 -781.144 998.24 0.731725 -0.463426 0.499815 -0.404051 -0.885482 -0.229487 0.548927 -0.0340287 -0.835177 
14.1083 3099.62 -781.144 998.24 0.731725 -0.463426 0.499815 -0.404051 -0.885482 -0.229487 0.548927 -0.0340287 -0.835177 
15.819 3099.62 -781.144 998.24 0.731725 -0.463426 0.499815 -0.404051 -0.885482 -0.229487 0.548927 -0.0340287 -0.835177 
18.3272 3099.62 -781.144 998.24 0.731725 -0.463426 0.499815 -0.404051 -0.885482 -0.229487 0.548927 -0.0340287 -0.835177 
21.4009 3099.62 -781.144 998.24 0.731725 -0.463426 0.499815 -0.404051 -0.885482 -0.229487 0.548927 -0.0340287 -0.835177 
24.8776 3099.62 -781.144 998.24 0.731725 -0.463426 0.499815 -0.404051 -0.885482 -0.229487 0.548927 -0.0340287 -0.835177 
28.6502 3099.62 -781.144 998.24 0.731725 -0.463426 0.499815 -0.404051 -0.885482 -0.229487 0.548927 -0.0340287 -0.835177 
29.438 3107.14 -779.245 995.84 0.985016 -0.131114 -0.112042 0.0853095 0.935019 -0.344183 0.149888 0.329468 0.932193 
26.8753 3107.14 -779.245 995.84 0.985016 -0.131114 -0.112042 0.0853095 0.935019 -0.344183 0.149888 0.329468 0.932193 
24.8534 3107.14 -779.245 995.84 0.985016 -0.131114 -0.112042 0.0853095 0.935019 -0.344183 0.149888 0.329468 0.932193 
23.5628 3107.14 -779.245 995.84 0.985016 -0.131114 -0.112042 0.0853095 0.935019 -0.344183 0.149888 0.329468 0.932193 
20.7528 3116.83 -782.247 1003.8 0.918604 0.126796 0.374286 -0.395072 0.316863 0.862274 -0.00926475 -0.939958 0.341165 
16.7011 3116.83 -782.247 1003.8 0.918604 0.126796 0.374286 -0.395072 0.316863 0.862274 -0.00926475 -0.939958 0.341165 
13.1997 3116.83 -782.247 1003.8 0.918604 0.126796 0.374286 -0.395072 0.316863 0.862274 -0.00926475 -0.939958 0.341165 
10.9175 3116.83 -782.247 1003.8 0.918604 0.126796 0.374286 -0.395072 0.316863 0.862274 -0.00926475 -0.939958 0.341165 
10.8063 3116.83 -782.247 1003.8 0.918604 0.126796 0.374286 -0.395072 0.316863 0.862274 -0.00926475 -0.939958 0.341165 
13.0368 3116.83 -782.247 1003.8 0.918604 0.126796 0.374286 -0.395072 0.316863 0.862274 -0.00926475 -0.939958 0.341165 
16.7848 3116.83 -782.247 1003.8 0.918604 0.126796 0.374286 -0.395072 0.316863 0.862274 -0.00926475 -0.939958 0.341165 
21.3356 3116.83 -782.247 1003.8 0.918604 0.126796 0.374286 -0.395072 0.316863 0.862274 -0.00926475 -0.939958 0.341165 
24.8627 3115.83 -787.244 1001.83 0.967909 -0.202651 -0.148612 0.0915892 0.835161 -0.542325 0.234018 0.51131 0.826921 
20.4248 3115.83 -787.244 1001.83 0.967909 -0.202651 -0.148612 0.0915892 0.835161 -0.542325 0.234018 0.51131 0.826921 
16.7091 3115.83 -787.244 1001.83 0.967909 -0.202651 -0.148612 0.0915892 0.835161 -0.542325 0.234018 0.51131 0.826921 
13.6463 3105.34 -780.603 1016.38 0.996553 0.0822427 0.0108414 -0.0818565 0.953742 0.289267 0.0134502 -0.289157 0.957187 
8.2015 3105.34 -780.603 1016.38 0.996553 0.0822427 0.0108414 -0.0818565 0.953742 0.289267 0.0134502 -0.289157 0.957187 
4.41953 3105.34 -780.603 1016.38 0.996553 0.0822427 0.0108414 -0.0818565 0.953742 0.289267 0.0134502 -0.289157 0.957187 
6.83748 3105.34 -780.603 1016.38 0.996553 0.0822427 0.0108414 -0.0818565 0.953742 0.289267 0.0134502 -0.289157 0.957187 
9.41746 3105.42 -780.295 1016.17 0.998001 0.0219811 -0.0592565 -0.0178657 0.997449 0.0691074 0.0606244 -0.0679106 0.995848 
5.56586 3107.08 -780.286 1016.37 0.997581 0.0156548 -0.067728 -0.0118632 0.998359 0.0560266 0.068494 -0.0550876 0.996129 
1.98171 3107.08 -780.286 1016.37 0.997581 0.0156548 -0.067728 -0.0118632 0.998359 0.0560266 0.068494 -0.0550876 0.996129 
7.90994 3107.08 -780.286 1016.37 0.997581 0.0156548 -0.067728 -0.0118632 0.998359 0.0560266 0.068494 -0.0550876 0.996129 
14.5245 3107.08 -780.286 1016.37 0.997581 0.0156548 -0.067728 -0.0118632 0.998359 0.0560266 0.068494 -0.0550876 0.996129 
14.06 3109.96 -776.493 1006.85 0.834378 -0.550257 0.0320917 -0.0499413 -0.133454 -0.989796 0.548925 0.824262 -0.138832 
10.6973 3109.96 -776.493 1006.85 0.834378 -0.550257 0.0320917 -0.0499413 -0.133454 -0.989796 0.548925 0.824262 -0.138832 
11.2845 3109.96 -776.493 1006.85 0.834378 -0.550257 0.0320917 -0.0499413 -0.133454 -0.989796 0.548925 0.824262 -0.138832 
15.5177 3109.96 -776.493 1006.85 0.834378 -0.550257 0.0320917 -0.0499413 -0.133454 -0.989796 0.548925 0.824262 -0.138832 
17.673 3112.32 -787.877 1008.07 0.996396 0.0143336 -0.0836035 -0.00954911 0.998308 0.0573496 0.0842841 -0.0563446 0.994847 
13.1586 3112.32 -787.877 1008.07 0.996396 0.0143336 -0.0836035 -0.00954911 0.998308 0.0573496 0.0842841 -0.0563446 0.994847 
11.8975 3112.32 -787.877 1008.07 0.996396 0.0143336 -0.0836035 -0.00954911 0.998308 0.0573496 0.0842841 -0.0563446 0.994847 
9.32194 3110.49 -776.55 1004.22 0.802697 -0.211726 0.557539 -0.520762 -0.704458 0.48223 0.290663 -0.677429 -0.675725 
6.52646 3110.49 -776.55 1004.22 0.802697 -0.211726 0.557539 -0.520762 -0.704458 0.48223 0.290663 -0.677429 -0.675725 
10.8136 3110.49 -776.55 1004.22 0.802697 -0.211726 0.557539 -0.520762 -0.704458 0.48223 0.290663 -0.677429 -0.675725 
17.7481 3110.49 -776.55 1004.22 0.802697 -0.211726 0.557539 -0.520762 -0.704458 0.48223 0.290663 -0.677429 -0.675725 
21.8899 3110.11 -778.983 1001.68 0.873791 -0.475412 -0.102336 0.00860398 0.225517 -0.974201 0.486225 0.850368 0.201146 
17.4909 3110.11 -778.983 1001.68 0.873791 -0.475412 -0.102336 0.00860398 0.225517 -0.974201 0.486225 0.850368 0.201146 
13.0486 3104.61 -777.274 1006.82 0.79039 -0.587557 0.173381 -0.210426 -0.526197 -0.823916 0.57533 0.614731 -0.539538 
12.6521 3104.61 -777.274 1006.82 0.79039 -0.587557 0.173381 -0.210426 -0.526197 -0.823916 0.57533 0.614731 -0.539538 
17.0306 3104.61 -777.274 1006.82 0.79039 -0.587557 0.173381 -0.210426 -0.526197 -0.823916 0.57533 0.614731 -0.539538 
23.7854 3104.61 -777.274 1006.82 0.79039 -0.587557 0.173381 -0.210426 -0.526197 -0.823916 0.57533 0.614731 -0.539538 
28.1649 3111.08 -781.266 994.562 0.989598 -0.0284479 -0.141019 0.0198723 0.997888 -0.061851 0.14248 0.0584053 0.988073 
24.6712 3107.65 -778.268 1014.68 0.984629 -0.0470959 -0.168192 0.0224397 0.98909 -0.145591 0.173214 0.139579 0.974943 
17.8409 3107.65 -778.268 1014.68 0.984629 -0.0470959 -0.168192 0.0224397 0.98909 -0.145591 0.173214 0.139579 0.974943 
13.5806 3107.65 -778.268 1014.68 0.984629 -0.0470959 -0.168192 0.0224397 0.98909 -0.145591 0.173214 0.139579 0.974943 
12.5147 3102.57 -775.78 1014.49 0.962686 0.151955 0.223931 -0.270033 0.484911 0.831832 0.017814 -0.861262 0.507849 
9.51768 3102.57 -775.78 1014.49 0.962686 0.151955 0.223931 -0.270033 0.484911 0.831832 0.017814 -0.861262 0.507849 
12.2908 3109.61 -777.976 1007.06 0.786374 -0.566549 0.246249 -0.297834 -0.696941 -0.652356 0.541212 0.439655 -0.716794 
12.7921 3109.61 -777.976 1007.06 0.786374 -0.566549 0.246249 -0.297834 -0.696941 -0.652356 0.541212 0.439655 -0.716794 
17.3712 3116.26 -781.516 1009.86 0.984566 0.148003 0.0934115 -0.172427 0.72882 0.662639 0.0299922 -0.668518 0.743091 
10.9437 3116.26 -781.516 1009.86 0.984566 0.148003 0.0934115 -0.172427 0.72882 0.662639 0.0299922 -0.668518 0.743091 
11.2349 3116.26 -781.516 1009.86 0.984566 0.148003 0.0934115 -0.172427 0.72882 0.662639 0.0299922 -0.668518 0.743091 
14.7866 3116.54 -782.357 1006.22 0.984747 0.149466 0.0890686 -0.17058 0.728473 0.663497 0.0342859 -0.66857 0.742858 
16.167 3116.54 -782.357 1006.22 0.984747 0.149466 0.0890686 -0.17058 0.728473 0.663497 0.0342859 -0.66857 0.742858 
22.3468 3101.03 -776.131 1003.42 0.81371 -0.577004 0.0703004 -0.199281 -0.390535 -0.89876 0.546043 0.71732 -0.432769 
19.3882 3110.4 -778.351 1007.14 0.941769 -0.227805 -0.247339 0.0368424 0.801032 -0.597487 0.334237 0.553582 0.762779 
13.898 3110.4 -778.351 1007.14 0.941769 -0.227805 -0.247339 0.0368424 0.801032 -0.597487 0.334237 0.553582 0.762779 
15.0683 3110.4 -778.351 1007.14 0.941769 -0.227805 -0.247339 0.0368424 0.801032 -0.597487 0.334237 0.553582 0.762779 
22.0268 3110.4 -778.351 1007.14 0.941769 -0.227805 -0.247339 0.0368424 0.801032 -0.597487 0.334237 0.553582 0.762779 
24.6401 3099.62 -774.88 1007.58 0.795322 -0.560206 0.231586 -0.326196 -0.717518 -0.615438 0.51094 0.413929 -0.753395 
25.577 3097.51 -782.285 1003.73 0.792652 -0.582113 0.181239 -0.314701 -0.645261 -0.696133 0.522175 0.494755 -0.694659 
16.393 3101.23 -783.01 1015.81 0.987458 0.0480458 -0.150391 -0.0235267 0.986714 0.160753 0.156116 -0.155199 0.97547 
7.61523 3101.23 -783.01 1015.81 0.987458 0.0480458 -0.150391 -0.0235267 0.986714 0.160753 0.156116 -0.155199 0.97547 
4.99814 3101.3 -783.281 1015.46 0.99038 0.080141 -0.112801 -0.0449079 0.957238 0.285795 0.130882 -0.277981 0.951629 
13.465 3101.3 -783.281 1015.46 0.99038 0.080141 -0.112801 -0.0449079 0.957238 0.285795 0.130882 -0.277981 0.951629 
17.2297 3109.97 -776.112 1009.32 0.984436 0.146841 0.0965556 -0.168928 0.63915 0.7503 0.0484612 -0.754933 0.654008 
22.3299 3105.17 -779.259 1006.12 0.969794 0.134791 0.2033 -0.240992 0.400597 0.883994 0.0377131 -0.906285 0.42098 
29.1824 3105.17 -779.259 1006.12 0.969794 0.134791 0.2033 -0.240992 0.400597 0.883994 0.0377131 -0.906285 0.42098 
38.5297 3105.17 -779.259 1006.12 0.969794 0.134791 0.2033 -0.240992 0.400597 0.883994 0.0377131 -0.906285 0.42098 
34.1379 3108.74 -777.748 1010.49 0.989548 0.122529 -0.0760314 -0.0752129 0.888417 0.452834 0.123033 -0.442382 0.888347 
31.1379 3108.74 -777.748 1010.49 0.989548 0.122529 -0.0760314 -0.0752129 0.888417 0.452834 0.123033 -0.442382 0.888347 
23.1222 3116.6 -778.136 1005.63 0.83473 -0.342895 0.430869 -0.469936 -0.851443 0.23282 0.287028 -0.396823 -0.871864 
18.6789 3116.6 -778.136 1005.63 0.83473 -0.342895 0.430869 -0.469936 -0.851443 0.23282 0.287028 -0.396823 -0.871864 
21.6329 3116.6 -778.136 1005.63 0.83473 -0.342895 0.430869 -0.469936 -0.851443 0.23282 0.287028 -0.396823 -0.871864 
13.8764 3116.76 -778.659 1005.23 0.805856 -0.564115 0.179916 -0.36081 -0.708764 -0.606192 0.469481 0.423588 -0.774701 
12.3345 3116.76 -778.659 1005.23 0.805856 -0.564115 0.179916 -0.36081 -0.708764 -0.606192 0.469481 0.423588 -0.774701 
9.95675 3116.5 -777.698 1005.6 0.811314 -0.501269 0.300831 -0.427407 -0.859677 -0.279785 0.398865 0.098416 -0.911713 
17.8656 3116.5 -777.698 1005.6 0.811314 -0.501269 0.300831 -0.427407 -0.859677 -0.279785 0.398865 0.098416 -0.911713 
27.1878 3101.56 -784.731 994.214 0.98029 0.067232 -0.185774 -0.026694 0.976767 0.212635 0.195754 -0.203485 0.959309 
30.5691 3101.56 -784.731 994.214 0.98029 0.067232 -0.185774 -0.026694 0.976767 0.212635 0.195754 -0.203485 0.959309 
30.8592 3101.3 -778.431 1003.47 0.978531 0.0711383 -0.193434 -0.0205001 0.967483 0.252102 0.205078 -0.242725 0.948171 
19.4741 3101.3 -778.431 1003.47 0.978531 0.0711383 -0.193434 -0.0205001 0.967483 0.252102 0.205078 -0.242725 0.948171 
11.7301 3106.68 -782.44 1016.12 0.983051 0.153763 0.0998366 -0.163429 0.488232 0.857275 0.0830736 -0.859062 0.505086 
12.3459 3099.47 -786.134 1000.95 0.973163 0.12475 0.193366 -0.220475 0.264797 0.938762 0.0659078 -0.956201 0.285195 
5.33582 3103.9 -782.137 1015.98 0.968578 0.107961 0.224055 -0.239111 0.156357 0.958321 0.0684289 -0.981782 0.177259 
9.78893 3099.96 -787.167 1003.63 0.985976 0.122188 -0.113669 -0.050032 0.866219 0.497154 0.159208 -0.484495 0.860185 
20.324 3099.96 -787.167 1003.63 0.985976 0.122188 -0.113669 -0.050032 0.866219 0.497154 0.159208 -0.484495 0.860185 
18.6675 3105.02 -776.829 1010.61 0.873559 -0.356029 -0.33187 -0.0873534 0.556097 -0.826514 0.478815 0.750999 0.454683 
9.32625 3105.02 -776.829 1010.61 0.873559 -0.356029 -0.33187 -0.0873534 0.556097 -0.826514 0.478815 0.750999 0.454683 
15.3415 3105.02 -776.829 1010.61 0.873559 -0.356029 -0.33187 -0.0873534 0.556097 -0.826514 0.478815 0.750999 0.454683 
28.352 3102.93 -777.38 993.768 0.807757 -0.589321 0.0151708 -0.356933 -0.50939 -0.78302 0.469178 0.627075 -0.621811 
28.8971 3102.93 -777.38 993.768 0.807757 -0.589321 0.0151708 -0.356933 -0.50939 -0.78302 0.469178 0.627075 -0.621811 
24.049 3100.71 -780.26 1015.82 0.983762 0.14614 -0.104189 -0.0532975 0.792199 0.607931 0.171381 -0.592506 0.787124 
13.4297 3102.06 -787.748 1007.08 0.953893 0.0179164 -0.299612 -0.00229463 0.998623 0.0524107 0.300139 -0.0493067 0.95262 
3.63925 3103.51 -787.574 1009.91 0.98535 0.145807 -0.0884665 -0.0549113 0.762336 0.644848 0.161465 -0.630543 0.759174 
5.53863 3103.29 -777.073 1011.31 0.987713 0.148328 0.0492187 -0.11523 0.478457 0.870518 0.105573 -0.865493 0.48967 
7.35473 3099.07 -781.266 1015.48 0.978854 0.105912 0.175005 -0.189785 0.150993 0.970146 0.0763256 -0.982845 0.167901 
17.0983 3117.04 -779.375 1002.84 0.815369 -0.566519 -0.119289 -0.320422 -0.269982 -0.907986 0.482186 0.778567 -0.40166 
18.6606 3117.04 -779.375 1002.84 0.815369 -0.566519 -0.119289 -0.320422 -0.269982 -0.907986 0.482186 0.778567 -0.40166 
15.5161 3108.78 -778.519 1007.9 0.910804 -0.118443 -0.395484 -0.0249062 0.940451 -0.339014 0.412088 0.318626 0.853617 
8.60404 3108.78 -778.519 1007.9 0.910804 -0.118443 -0.395484 -0.0249062 0.940451 -0.339014 0.412088 0.318626 0.853617 
20.2315 3108.78 -778.519 1007.9 0.910804 -0.118443 -0.395484 -0.0249062 0.940451 -0.339014 0.412088 0.318626 0.853617 
20.3386 3114.52 -785.831 1005.87 0.873371 -0.379886 0.30481 -0.447803 -0.872438 0.195766 0.191559 -0.307472 -0.932076 
14.8573 3109 -777.941 1004.38 0.989032 0.133003 0.0642298 -0.10683 0.343885 0.932915 0.101992 -0.929545 0.354322 
3.51633 3109 -777.941 1004.38 0.989032 0.133003 0.0642298 -0.10683 0.343885 0.932915 0.101992 -0.929545 0.354322 
10.6895 3102.88 -784.577 1003.31 0.849298 -0.4821 0.21511 -0.459062 -0.875647 -0.150013 0.260682 0.0286569 -0.964999 
17.8054 3107.38 -780.204 1001.98 0.819229 -0.463384 -0.337844 -0.24144 0.255667 -0.936131 0.520163 0.848475 0.0975703 
4.98925 3107.38 -780.204 1001.98 0.819229 -0.463384 -0.337844 -0.24144 0.255667 -0.936131 0.520163 0.848475 0.0975703 
7.86418 3107.09 -779.773 1003.26 0.809586 -0.517791 -0.276518 -0.296248 0.0462685 -0.95399 0.506761 0.854255 -0.115936 
16.2591 3108.84 -776.435 1012.15 0.986323 0.151455 -0.0650316 -0.0326891 0.566452 0.823446 0.161552 -0.810058 0.563656 
2.91071 3108.84 -776.435 1012.15 0.986323 0.151455 -0.0650316 -0.0326891 0.566452 0.823446 0.161552 -0.810058 0.563656 
3.47812 3112.64 -777.83 1007.27 0.941203 0.0610981 -0.33227 0.0174678 0.973395 0.228469 0.337389 -0.22084 0.915095 
16.7242 3112.64 -777.83 1007.27 0.941203 0.0610981 -0.33227 0.0174678 0.973395 0.228469 0.337389 -0.22084 0.915095 
4.56895 3110.66 -776.705 1007.3 0.814932 -0.420057 -0.399298 -0.23196 0.394981 -0.888923 0.531113 0.817033 0.224446 
7.19888 3105.23 -780.667 1005.63 0.844802 -0.260772 -0.467234 -0.124073 0.753939 -0.645122 0.520496 0.602971 0.604574 
20.1746 3105.23 -780.667 1005.63 0.844802 -0.260772 -0.467234 -0.124073 0.753939 -0.645122 0.520496 0.602971 0.604574 
11.6336 3107.25 -778.526 1001.72 0.93026 0.0604527 -0.361887 0.0183697 0.977422 0.210498 0.366441 -0.202465 0.908146 
15.688 3106.21 -787.315 1012.07 0.975061 0.157118 -0.156746 0.00864181 0.678854 0.734222 0.221767 -0.717266 0.660567 
13.607 3106.7 -780.206 1009.24 0.951281 0.116369 -0.28552 0.0365418 0.876961 0.47917 0.306151 -0.466259 0.829985 
7.95259 3103.76 -778.707 1003.93 0.798487 -0.437997 -0.41301 -0.278746 0.339086 -0.89851 0.533591 0.832574 0.148666 
15.912 3103.76 -778.707 1003.93 0.798487 -0.437997 -0.41301 -0.278746 0.339086 -0.89851 0.533591 0.832574 0.148666 
33.4344 3103.76 -778.707 1003.93 0.798487 -0.437997 -0.41301 -0.278746 0.339086 -0.89851 0.533591 0.832574 0.148666 
27.3189 3109.05 -779.167 1013.46 0.782638 -0.540965 -0.307953 -0.400627 -0.0591058 -0.914333 0.476421 0.838965 -0.262984 
9.40131 3109.05 -779.167 1013.46 0.782638 -0.540965 -0.307953 -0.400627 -0.0591058 -0.914333 0.476421 0.838965 -0.262984 
6.12654 3108.52 -779.028 1013.55 0.78217 -0.555498 -0.282191 -0.418633 -0.133099 -0.898349 0.461472 0.820796 -0.336656 
16.2852 3105.19 -786.303 1013.61 0.948203 0.135661 -0.287241 0.0471271 0.834145 0.549528 0.31415 -0.534601 0.784545 
32.885 3105.19 -786.303 1013.61 0.948203 0.135661 -0.287241 0.0471271 0.834145 0.549528 0.31415 -0.534601 0.784545 
24.6373 3115.39 -782.364 1011.02 0.865461 -0.0517928 -0.498291 -0.0173249 0.990952 -0.133091 0.500676 0.123818 0.856734 
26.7919 3107.12 -777.926 998.76 0.775205 -0.510383 -0.372244 -0.405265 0.0502137 -0.912819 0.484579 0.85848 -0.167914 
20.0866 3107.12 -777.926 998.76 0.775205 -0.510383 -0.372244 -0.405265 0.0502137 -0.912819 0.484579 0.85848 -0.167914 
13.1471 3098.17 -781.512 997.263 0.994305 0.106045 -0.0105676 -0.00780453 0.171353 0.985179 0.106284 -0.979486 0.171204 
19.6676 3099.39 -781.454 997.407 0.996481 0.0739513 0.039444 -0.0408481 0.0175707 0.999011 0.0731851 -0.997107 0.0205297 
15.0735 3106.18 -777.21 1000.32 0.942415 0.140495 -0.303506 0.0775558 0.790945 0.606952 0.32533 -0.595539 0.734502 
11.0406 3103.93 -776.392 1014.71 0.880869 -0.461988 0.103131 -0.464505 -0.88557 0.000435978 0.091128 -0.0482887 -0.994668 
23.3133 3102.28 -775.446 1013.11 0.813515 -0.573773 -0.0947587 -0.521079 -0.646842 -0.556841 0.258206 0.502375 -0.825196 
10.5683 3106.36 -780.131 1005.03 0.756287 -0.438685 -0.485371 -0.366386 0.330646 -0.869732 0.542025 0.8356 0.0893352 
14.3061 3106.36 -780.131 1005.03 0.756287 -0.438685 -0.485371 -0.366386 0.330646 -0.869732 0.542025 0.8356 0.0893352 
7.61942 3110.28 -777.866 999.26 0.755333 -0.533977 -0.379922 -0.466848 -0.0315742 -0.883774 0.459919 0.844909 -0.273135 
15.223 3109.88 -776.855 997.962 0.748904 -0.516389 -0.415313 -0.451754 0.0606908 -0.890076 0.484831 0.854201 -0.187829 
15.9273 3107.44 -775.661 997.554 0.805004 -0.576073 -0.141806 -0.541231 -0.615213 -0.57322 0.242976 0.538194 -0.807037 
16.9526 3102.69 -776.291 998.963 0.800216 -0.577779 -0.160706 -0.546635 -0.592497 -0.591724 0.246668 0.561355 -0.789959 
20.7303 3101.25 -776.665 1000.29 0.749158 -0.535223 -0.390254 -0.496644 -0.0640196 -0.86559 0.4383 0.842281 -0.313776 
28.3704 3101.25 -776.665 1000.29 0.749158 -0.535223 -0.390254 -0.496644 -0.0640196 -0.86559 0.4383 0.842281 -0.313776 
11.8807 3102.67 -785.161 1012.54 0.973626 -0.196055 0.116686 -0.220971 -0.683022 0.69617 -0.0567879 -0.703593 -0.70833 
4.05566 3110.55 -777.983 1002.57 0.864069 0.0684404 -0.4987 0.0685056 0.965508 0.2512 0.498691 -0.251218 0.829577 
18.555 3104.73 -777.372 1015.58 0.971086 0.140263 -0.19318 0.126418 0.384297 0.914513 0.202511 -0.912492 0.355454 
3.47942 3104.55 -777.518 1015.54 0.976436 0.133726 -0.169383 0.118849 0.321919 0.939278 0.180133 -0.937276 0.29844 
4.13317 3109.16 -779.348 996.187 0.755117 -0.18327 -0.629453 -0.175376 0.86867 -0.463309 0.631697 0.460244 0.623806 
5.88116 3112.33 -780.549 997.17 0.809938 -0.0131224 -0.586369 -0.00990618 0.999301 -0.0360466 0.586432 0.0350042 0.809242 
17.4151 3094.74 -780.395 1002.56 0.947205 0.149817 -0.283474 0.155159 0.559524 0.814161 0.280586 -0.815161 0.506739 
21.282 3105.54 -778.05 1011.01 0.976602 0.120483 -0.178136 0.141224 0.265398 0.95374 0.162187 -0.956581 0.242173 
14.8458 3105.54 -778.05 1011.01 0.976602 0.120483 -0.178136 0.141224 0.265398 0.95374 0.162187 -0.956581 0.242173 
19.6468 3110.97 -780.93 993.716 0.794976 -0.575631 -0.191475 -0.59013 -0.660669 -0.463964 0.140571 0.481836 -0.864913 
12.073 3110.97 -780.93 993.716 0.794976 -0.575631 -0.191475 -0.59013 -0.660669 -0.463964 0.140571 0.481836 -0.864913 
3.73189 3108.47 -779.13 1004.78 0.859967 0.109679 -0.498424 0.131945 0.895647 0.424743 0.492998 -0.431029 0.755756 
21.8663 3108.47 -779.13 1004.78 0.859967 0.109679 -0.498424 0.131945 0.895647 0.424743 0.492998 -0.431029 0.755756 
21.9465 3106.78 -785.787 1005.7 0.886431 -0.461983 -0.0284891 -0.457995 -0.884351 0.0903504 -0.0669347 -0.0670415 -0.995502 
15.0613 3109.71 -788.144 1004.53 0.687112 -0.268097 -0.675279 -0.306077 0.73612 -0.603692 0.658934 0.621491 0.423739 
7.45811 3110.5 -788.101 1005.72 0.672074 -0.383759 -0.633281 -0.436007 0.486166 -0.757325 0.59851 0.785094 0.159417 
6.83783 3111.01 -787.799 1008.94 0.758708 -0.0119753 -0.651321 -0.0171295 0.999119 -0.0383237 0.651205 0.0402333 0.757834 
