0
0
0
0
0
0
0
0
0
0
0
0
0
0
0
0
0
0
0
0
0
0
0
0
0
8.6497 3109.5600 -779.1670 1004.6000 0.9970 0.0536 0.0551 -0.0629 0.9809 0.1843 -0.0441 -0.1872 0.9813
8.6466 3109.5600 -779.1670 1004.6000 0.9970 0.0536 0.0551 -0.0629 0.9809 0.1843 -0.0441 -0.1872 0.9813
8.6435 3109.5600 -779.1670 1004.6000 0.9970 0.0536 0.0551 -0.0629 0.9809 0.1843 -0.0441 -0.1872 0.9813
8.6403 3109.5600 -779.1670 1004.6000 0.9970 0.0536 0.0551 -0.0629 0.9809 0.1843 -0.0441 -0.1872 0.9813
8.6371 3109.5600 -779.1670 1004.6000 0.9970 0.0536 0.0551 -0.0629 0.9809 0.1843 -0.0441 -0.1872 0.9813
8.6338 3109.5600 -779.1670 1004.6000 0.9970 0.0536 0.0551 -0.0629 0.9809 0.1843 -0.0441 -0.1872 0.9813
8.6304 3109.5600 -779.1670 1004.6000 0.9970 0.0536 0.0551 -0.0629 0.9809 0.1843 -0.0441 -0.1872 0.9813
8.6270 3109.5600 -779.1670 1004.6000 0.9970 0.0536 0.0551 -0.0629 0.9809 0.1843 -0.0441 -0.1872 0.9813
8.6236 3109.5600 -779.1670 1004.6000 0.9970 0.0536 0.0551 -0.0629 0.9809 0.1843 -0.0441 -0.1872 0.9813
8.6202 3109.5600 -779.1670 1004.6000 0.9970 0.0536 0.0551 -0.0629 0.9809 0.1843 -0.0441 -0.1872 0.9813
8.6167 3109.5600 -779.1670 1004.6000 0.9970 0.0536 0.0551 -0.0629 0.9809 0.1843 -0.0441 -0.1872 0.9813
8.6131 3109.5600 -779.1670 1004.6000 0.9970 0.0536 0.0551 -0.0629 0.9809 0.1843 -0.0441 -0.1872 0.9813
8.6096 3109.5600 -779.1670 1004.6000 0.9970 0.0536 0.0551 -0.0629 0.9809 0.1843 -0.0441 -0.1872 0.9813
8.6060 3109.5600 -779.1670 1004.6000 0.9970 0.0536 0.0551 -0.0629 0.9809 0.1843 -0.0441 -0.1872 0.9813
8.6025 3109.5600 -779.1670 1004.6000 0.9970 0.0536 0.0551 -0.0629 0.9809 0.1843 -0.0441 -0.1872 0.9813
8.5989 3109.5600 -779.1670 1004.6000 0.9970 0.0536 0.0551 -0.0629 0.9809 0.1843 -0.0441 -0.1872 0.9813
8.5953 3109.5600 -779.1670 1004.6000 0.9970 0.0536 0.0551 -0.0629 0.9809 0.1843 -0.0441 -0.1872 0.9813
8.5917 3109.5600 -779.1670 1004.6000 0.9970 0.0536 0.0551 -0.0629 0.9809 0.1843 -0.0441 -0.1872 0.9813
8.5881 3109.5600 -779.1670 1004.6000 0.9970 0.0536 0.0551 -0.0629 0.9809 0.1843 -0.0441 -0.1872 0.9813
8.5845 3109.5600 -779.1670 1004.6000 0.9970 0.0536 0.0551 -0.0629 0.9809 0.1843 -0.0441 -0.1872 0.9813
8.5809 3109.5600 -779.1670 1004.6000 0.9970 0.0536 0.0551 -0.0629 0.9809 0.1843 -0.0441 -0.1872 0.9813
8.5774 3109.5600 -779.1670 1004.6000 0.9970 0.0536 0.0551 -0.0629 0.9809 0.1843 -0.0441 -0.1872 0.9813
8.5738 3109.5600 -779.1670 1004.6000 0.9970 0.0536 0.0551 -0.0629 0.9809 0.1843 -0.0441 -0.1872 0.9813
8.5703 3109.5600 -779.1670 1004.6000 0.9970 0.0536 0.0551 -0.0629 0.9809 0.1843 -0.0441 -0.1872 0.9813
8.5667 3109.5600 -779.1670 1004.6000 0.9970 0.0536 0.0551 -0.0629 0.9809 0.1843 -0.0441 -0.1872 0.9813
8.5632 3109.5600 -779.1670 1004.6000 0.9970 0.0536 0.0551 -0.0629 0.9809 0.1843 -0.0441 -0.1872 0.9813
8.5597 3109.5600 -779.1670 1004.6000 0.9970 0.0536 0.0551 -0.0629 0.9809 0.1843 -0.0441 -0.1872 0.9813
8.5563 3109.5600 -779.1670 1004.6000 0.9970 0.0536 0.0551 -0.0629 0.9809 0.1843 -0.0441 -0.1872 0.9813
8.5529 3109.5600 -779.1670 1004.6000 0.9970 0.0536 0.0551 -0.0629 0.9809 0.1843 -0.0441 -0.1872 0.9813
8.5495 3109.5600 -779.1670 1004.6000 0.9970 0.0536 0.0551 -0.0629 0.9809 0.1843 -0.0441 -0.1872 0.9813
8.5461 3109.5600 -779.1670 1004.6000 0.9970 0.0536 0.0551 -0.0629 0.9809 0.1843 -0.0441 -0.1872 0.9813
8.5428 3109.5600 -779.1670 1004.6000 0.9970 0.0536 0.0551 -0.0629 0.9809 0.1843 -0.0441 -0.1872 0.9813
8.5396 3109.5600 -779.1670 1004.6000 0.9970 0.0536 0.0551 -0.0629 0.9809 0.1843 -0.0441 -0.1872 0.9813
8.5363 3109.5600 -779.1670 1004.6000 0.9970 0.0536 0.0551 -0.0629 0.9809 0.1843 -0.0441 -0.1872 0.9813
8.5331 3109.5600 -779.1670 1004.6000 0.9970 0.0536 0.0551 -0.0629 0.9809 0.1843 -0.0441 -0.1872 0.9813
8.5300 3109.5600 -779.1670 1004.6000 0.9970 0.0536 0.0551 -0.0629 0.9809 0.1843 -0.0441 -0.1872 0.9813
8.5269 3109.5600 -779.1670 1004.6000 0.9970 0.0536 0.0551 -0.0629 0.9809 0.1843 -0.0441 -0.1872 0.9813
8.5239 3109.5600 -779.1670 1004.6000 0.9970 0.0536 0.0551 -0.0629 0.9809 0.1843 -0.0441 -0.1872 0.9813
8.5209 3109.5600 -779.1670 1004.6000 0.9970 0.0536 0.0551 -0.0629 0.9809 0.1843 -0.0441 -0.1872 0.9813
8.5179 3109.5600 -779.1670 1004.6000 0.9970 0.0536 0.0551 -0.0629 0.9809 0.1843 -0.0441 -0.1872 0.9813
8.5151 3109.5600 -779.1670 1004.6000 0.9970 0.0536 0.0551 -0.0629 0.9809 0.1843 -0.0441 -0.1872 0.9813
8.5122 3109.5600 -779.1670 1004.6000 0.9970 0.0536 0.0551 -0.0629 0.9809 0.1843 -0.0441 -0.1872 0.9813
8.5095 3109.5600 -779.1670 1004.6000 0.9970 0.0536 0.0551 -0.0629 0.9809 0.1843 -0.0441 -0.1872 0.9813
8.5068 3109.5600 -779.1670 1004.6000 0.9970 0.0536 0.0551 -0.0629 0.9809 0.1843 -0.0441 -0.1872 0.9813
8.5042 3109.5600 -779.1670 1004.6000 0.9970 0.0536 0.0551 -0.0629 0.9809 0.1843 -0.0441 -0.1872 0.9813
8.5016 3109.5600 -779.1670 1004.6000 0.9970 0.0536 0.0551 -0.0629 0.9809 0.1843 -0.0441 -0.1872 0.9813
8.4991 3109.5600 -779.1670 1004.6000 0.9970 0.0536 0.0551 -0.0629 0.9809 0.1843 -0.0441 -0.1872 0.9813
8.4967 3109.5600 -779.1670 1004.6000 0.9970 0.0536 0.0551 -0.0629 0.9809 0.1843 -0.0441 -0.1872 0.9813
8.4943 3109.5600 -779.1670 1004.6000 0.9970 0.0536 0.0551 -0.0629 0.9809 0.1843 -0.0441 -0.1872 0.9813
8.4920 3109.5600 -779.1670 1004.6000 0.9970 0.0536 0.0551 -0.0629 0.9809 0.1843 -0.0441 -0.1872 0.9813
8.4898 3109.5600 -779.1670 1004.6000 0.9970 0.0536 0.0551 -0.0629 0.9809 0.1843 -0.0441 -0.1872 0.9813
8.4876 3109.5600 -779.1670 1004.6000 0.9970 0.0536 0.0551 -0.0629 0.9809 0.1843 -0.0441 -0.1872 0.9813
8.4856 3109.5600 -779.1670 1004.6000 0.9970 0.0536 0.0551 -0.0629 0.9809 0.1843 -0.0441 -0.1872 0.9813
8.4836 3109.5600 -779.1670 1004.6000 0.9970 0.0536 0.0551 -0.0629 0.9809 0.1843 -0.0441 -0.1872 0.9813
8.4816 3109.5600 -779.1670 1004.6000 0.9970 0.0536 0.0551 -0.0629 0.9809 0.1843 -0.0441 -0.1872 0.9813
8.4798 3109.5600 -779.1670 1004.6000 0.9970 0.0536 0.0551 -0.0629 0.9809 0.1843 -0.0441 -0.1872 0.9813
8.4780 3109.5600 -779.1670 1004.6000 0.9970 0.0536 0.0551 -0.0629 0.9809 0.1843 -0.0441 -0.1872 0.9813
8.4763 3109.5600 -779.1670 1004.6000 0.9970 0.0536 0.0551 -0.0629 0.9809 0.1843 -0.0441 -0.1872 0.9813
8.4747 3109.5600 -779.1670 1004.6000 0.9970 0.0536 0.0551 -0.0629 0.9809 0.1843 -0.0441 -0.1872 0.9813
8.4732 3109.5600 -779.1670 1004.6000 0.9970 0.0536 0.0551 -0.0629 0.9809 0.1843 -0.0441 -0.1872 0.9813
8.4717 3109.5600 -779.1670 1004.6000 0.9970 0.0536 0.0551 -0.0629 0.9809 0.1843 -0.0441 -0.1872 0.9813
8.4704 3109.5600 -779.1670 1004.6000 0.9970 0.0536 0.0551 -0.0629 0.9809 0.1843 -0.0441 -0.1872 0.9813
8.4691 3109.5600 -779.1670 1004.6000 0.9970 0.0536 0.0551 -0.0629 0.9809 0.1843 -0.0441 -0.1872 0.9813
8.4679 3109.5600 -779.1670 1004.6000 0.9970 0.0536 0.0551 -0.0629 0.9809 0.1843 -0.0441 -0.1872 0.9813
8.4668 3109.5600 -779.1670 1004.6000 0.9970 0.0536 0.0551 -0.0629 0.9809 0.1843 -0.0441 -0.1872 0.9813
8.4658 3109.5600 -779.1670 1004.6000 0.9970 0.0536 0.0551 -0.0629 0.9809 0.1843 -0.0441 -0.1872 0.9813
8.4649 3109.5600 -779.1670 1004.6000 0.9970 0.0536 0.0551 -0.0629 0.9809 0.1843 -0.0441 -0.1872 0.9813
8.4640 3109.5600 -779.1670 1004.6000 0.9970 0.0536 0.0551 -0.0629 0.9809 0.1843 -0.0441 -0.1872 0.9813
8.4633 3109.5600 -779.1670 1004.6000 0.9970 0.0536 0.0551 -0.0629 0.9809 0.1843 -0.0441 -0.1872 0.9813
8.4626 3109.5600 -779.1670 1004.6000 0.9970 0.0536 0.0551 -0.0629 0.9809 0.1843 -0.0441 -0.1872 0.9813
8.4621 3109.5600 -779.1670 1004.6000 0.9970 0.0536 0.0551 -0.0629 0.9809 0.1843 -0.0441 -0.1872 0.9813
8.4616 3109.5600 -779.1670 1004.6000 0.9970 0.0536 0.0551 -0.0629 0.9809 0.1843 -0.0441 -0.1872 0.9813
8.4613 3109.5600 -779.1670 1004.6000 0.9970 0.0536 0.0551 -0.0629 0.9809 0.1843 -0.0441 -0.1872 0.9813
8.4610 3109.5600 -779.1670 1004.6000 0.9970 0.0536 0.0551 -0.0629 0.9809 0.1843 -0.0441 -0.1872 0.9813
8.4609 3109.5600 -779.1670 1004.6000 0.9970 0.0536 0.0551 -0.0629 0.9809 0.1843 -0.0441 -0.1872 0.9813
8.4608 3109.5600 -779.1670 1004.6000 0.9970 0.0536 0.0551 -0.0629 0.9809 0.1843 -0.0441 -0.1872 0.9813
8.4608 3109.5600 -779.1670 1004.6000 0.9970 0.0536 0.0551 -0.0629 0.9809 0.1843 -0.0441 -0.1872 0.9813
8.4608 3109.5600 -779.1670 1004.6000 0.9970 0.0536 0.0551 -0.0629 0.9809 0.1843 -0.0441 -0.1872 0.9813
8.4608 3109.5600 -779.1670 1004.6000 0.9970 0.0536 0.0551 -0.0629 0.9809 0.1843 -0.0441 -0.1872 0.9813
8.4608 3109.5600 -779.1670 1004.6000 0.9970 0.0536 0.0551 -0.0629 0.9809 0.1843 -0.0441 -0.1872 0.9813
8.4608 3109.5600 -779.1670 1004.6000 0.9970 0.0536 0.0551 -0.0629 0.9809 0.1843 -0.0441 -0.1872 0.9813
8.4608 3109.5600 -779.1670 1004.6000 0.9970 0.0536 0.0551 -0.0629 0.9809 0.1843 -0.0441 -0.1872 0.9813
8.4608 3109.5600 -779.1670 1004.6000 0.9970 0.0536 0.0551 -0.0629 0.9809 0.1843 -0.0441 -0.1872 0.9813
8.4608 3109.5600 -779.1670 1004.6000 0.9970 0.0536 0.0551 -0.0629 0.9809 0.1843 -0.0441 -0.1872 0.9813
8.4608 3109.5600 -779.1670 1004.6000 0.9970 0.0536 0.0551 -0.0629 0.9809 0.1843 -0.0441 -0.1872 0.9813
8.4608 3109.5600 -779.1670 1004.6000 0.9970 0.0536 0.0551 -0.0629 0.9809 0.1843 -0.0441 -0.1872 0.9813
8.4608 3109.5600 -779.1670 1004.6000 0.9970 0.0536 0.0551 -0.0629 0.9809 0.1843 -0.0441 -0.1872 0.9813
8.4640 3109.5600 -779.1670 1004.6000 0.9970 0.0536 0.0551 -0.0629 0.9809 0.1843 -0.0441 -0.1872 0.9813
8.4672 3109.5600 -779.1670 1004.6000 0.9970 0.0536 0.0551 -0.0629 0.9809 0.1843 -0.0441 -0.1872 0.9813
8.4736 3109.5600 -779.1670 1004.6000 0.9970 0.0536 0.0551 -0.0629 0.9809 0.1843 -0.0441 -0.1872 0.9813
8.4865 3109.5600 -779.1670 1004.6000 0.9970 0.0536 0.0551 -0.0629 0.9809 0.1843 -0.0441 -0.1872 0.9813
8.5058 3109.5600 -779.1670 1004.6000 0.9970 0.0536 0.0551 -0.0629 0.9809 0.1843 -0.0441 -0.1872 0.9813
8.5314 3109.5600 -779.1670 1004.6000 0.9970 0.0536 0.0551 -0.0629 0.9809 0.1843 -0.0441 -0.1872 0.9813
8.5668 3109.5600 -779.1670 1004.6000 0.9970 0.0536 0.0551 -0.0629 0.9809 0.1843 -0.0441 -0.1872 0.9813
8.6117 3109.5600 -779.1670 1004.6000 0.9970 0.0536 0.0551 -0.0629 0.9809 0.1843 -0.0441 -0.1872 0.9813
8.6695 3109.5600 -779.1670 1004.6000 0.9970 0.0536 0.0551 -0.0629 0.9809 0.1843 -0.0441 -0.1872 0.9813
8.7370 3109.5600 -779.1670 1004.6000 0.9970 0.0536 0.0551 -0.0629 0.9809 0.1843 -0.0441 -0.1872 0.9813
8.8206 3109.5600 -779.1670 1004.6000 0.9970 0.0536 0.0551 -0.0629 0.9809 0.1843 -0.0441 -0.1872 0.9813
8.9170 3109.5600 -779.1670 1004.6000 0.9970 0.0536 0.0551 -0.0629 0.9809 0.1843 -0.0441 -0.1872 0.9813
9.0296 3109.5600 -779.1670 1004.6000 0.9970 0.0536 0.0551 -0.0629 0.9809 0.1843 -0.0441 -0.1872 0.9813
9.1615 3109.5600 -779.1670 1004.6000 0.9970 0.0536 0.0551 -0.0629 0.9809 0.1843 -0.0441 -0.1872 0.9813
9.3096 3109.5600 -779.1670 1004.6000 0.9970 0.0536 0.0551 -0.0629 0.9809 0.1843 -0.0441 -0.1872 0.9813
9.4771 3109.5600 -779.1670 1004.6000 0.9970 0.0536 0.0551 -0.0629 0.9809 0.1843 -0.0441 -0.1872 0.9813
9.6672 3109.5600 -779.1670 1004.6000 0.9970 0.0536 0.0551 -0.0629 0.9809 0.1843 -0.0441 -0.1872 0.9813
9.8768 3109.5600 -779.1670 1004.6000 0.9970 0.0536 0.0551 -0.0629 0.9809 0.1843 -0.0441 -0.1872 0.9813
10.1090 3109.5600 -779.1670 1004.6000 0.9970 0.0536 0.0551 -0.0629 0.9809 0.1843 -0.0441 -0.1872 0.9813
10.3673 3109.5600 -779.1670 1004.6000 0.9970 0.0536 0.0551 -0.0629 0.9809 0.1843 -0.0441 -0.1872 0.9813
10.6515 3109.5600 -779.1670 1004.6000 0.9970 0.0536 0.0551 -0.0629 0.9809 0.1843 -0.0441 -0.1872 0.9813
10.9618 3109.5600 -779.1670 1004.6000 0.9970 0.0536 0.0551 -0.0629 0.9809 0.1843 -0.0441 -0.1872 0.9813
11.3013 3109.5600 -779.1670 1004.6000 0.9970 0.0536 0.0551 -0.0629 0.9809 0.1843 -0.0441 -0.1872 0.9813
11.6669 3109.5600 -779.1670 1004.6000 0.9970 0.0536 0.0551 -0.0629 0.9809 0.1843 -0.0441 -0.1872 0.9813
12.0652 3109.5600 -779.1670 1004.6000 0.9970 0.0536 0.0551 -0.0629 0.9809 0.1843 -0.0441 -0.1872 0.9813
12.4929 3109.5600 -779.1670 1004.6000 0.9970 0.0536 0.0551 -0.0629 0.9809 0.1843 -0.0441 -0.1872 0.9813
12.9531 3109.5600 -779.1670 1004.6000 0.9970 0.0536 0.0551 -0.0629 0.9809 0.1843 -0.0441 -0.1872 0.9813
13.4494 3109.5600 -779.1670 1004.6000 0.9970 0.0536 0.0551 -0.0629 0.9809 0.1843 -0.0441 -0.1872 0.9813
13.9783 3109.5600 -779.1670 1004.6000 0.9970 0.0536 0.0551 -0.0629 0.9809 0.1843 -0.0441 -0.1872 0.9813
14.5432 3109.5600 -779.1670 1004.6000 0.9970 0.0536 0.0551 -0.0629 0.9809 0.1843 -0.0441 -0.1872 0.9813
15.1441 3109.5600 -779.1670 1004.6000 0.9970 0.0536 0.0551 -0.0629 0.9809 0.1843 -0.0441 -0.1872 0.9813
15.7843 3109.5600 -779.1670 1004.6000 0.9970 0.0536 0.0551 -0.0629 0.9809 0.1843 -0.0441 -0.1872 0.9813
16.4604 3109.5600 -779.1670 1004.6000 0.9970 0.0536 0.0551 -0.0629 0.9809 0.1843 -0.0441 -0.1872 0.9813
17.1791 3109.5600 -779.1670 1004.6000 0.9970 0.0536 0.0551 -0.0629 0.9809 0.1843 -0.0441 -0.1872 0.9813
17.9404 3109.5600 -779.1670 1004.6000 0.9970 0.0536 0.0551 -0.0629 0.9809 0.1843 -0.0441 -0.1872 0.9813
18.7410 3109.5600 -779.1670 1004.6000 0.9970 0.0536 0.0551 -0.0629 0.9809 0.1843 -0.0441 -0.1872 0.9813
19.5874 3109.5600 -779.1670 1004.6000 0.9970 0.0536 0.0551 -0.0629 0.9809 0.1843 -0.0441 -0.1872 0.9813
20.4763 3109.5600 -779.1670 1004.6000 0.9970 0.0536 0.0551 -0.0629 0.9809 0.1843 -0.0441 -0.1872 0.9813
21.4111 3109.5600 -779.1670 1004.6000 0.9970 0.0536 0.0551 -0.0629 0.9809 0.1843 -0.0441 -0.1872 0.9813
20.7309 3116.0300 -782.1530 1011.7800 0.7702 -0.5851 0.2538 -0.1169 -0.5208 -0.8456 0.6270 0.6216 -0.4695
19.8217 3116.0300 -782.1530 1011.7800 0.7702 -0.5851 0.2538 -0.1169 -0.5208 -0.8456 0.6270 0.6216 -0.4695
18.8868 3116.0300 -782.1530 1011.7800 0.7702 -0.5851 0.2538 -0.1169 -0.5208 -0.8456 0.6270 0.6216 -0.4695
17.9234 3116.0300 -782.1530 1011.7800 0.7702 -0.5851 0.2538 -0.1169 -0.5208 -0.8456 0.6270 0.6216 -0.4695
16.9432 3116.0300 -782.1530 1011.7800 0.7702 -0.5851 0.2538 -0.1169 -0.5208 -0.8456 0.6270 0.6216 -0.4695
15.9457 3116.0300 -782.1530 1011.7800 0.7702 -0.5851 0.2538 -0.1169 -0.5208 -0.8456 0.6270 0.6216 -0.4695
14.9425 3116.0300 -782.1530 1011.7800 0.7702 -0.5851 0.2538 -0.1169 -0.5208 -0.8456 0.6270 0.6216 -0.4695
13.9490 3116.0300 -782.1530 1011.7800 0.7702 -0.5851 0.2538 -0.1169 -0.5208 -0.8456 0.6270 0.6216 -0.4695
12.9816 3116.0300 -782.1530 1011.7800 0.7702 -0.5851 0.2538 -0.1169 -0.5208 -0.8456 0.6270 0.6216 -0.4695
12.0625 3116.0300 -782.1530 1011.7800 0.7702 -0.5851 0.2538 -0.1169 -0.5208 -0.8456 0.6270 0.6216 -0.4695
11.2262 3116.0300 -782.1530 1011.7800 0.7702 -0.5851 0.2538 -0.1169 -0.5208 -0.8456 0.6270 0.6216 -0.4695
10.5163 3116.0300 -782.1530 1011.7800 0.7702 -0.5851 0.2538 -0.1169 -0.5208 -0.8456 0.6270 0.6216 -0.4695
9.9853 3116.0300 -782.1530 1011.7800 0.7702 -0.5851 0.2538 -0.1169 -0.5208 -0.8456 0.6270 0.6216 -0.4695
9.6952 3116.0300 -782.1530 1011.7800 0.7702 -0.5851 0.2538 -0.1169 -0.5208 -0.8456 0.6270 0.6216 -0.4695
9.6940 3116.0300 -782.1530 1011.7800 0.7702 -0.5851 0.2538 -0.1169 -0.5208 -0.8456 0.6270 0.6216 -0.4695
10.0176 3116.0300 -782.1530 1011.7800 0.7702 -0.5851 0.2538 -0.1169 -0.5208 -0.8456 0.6270 0.6216 -0.4695
10.6639 3116.0300 -782.1530 1011.7800 0.7702 -0.5851 0.2538 -0.1169 -0.5208 -0.8456 0.6270 0.6216 -0.4695
11.6128 3116.0300 -782.1530 1011.7800 0.7702 -0.5851 0.2538 -0.1169 -0.5208 -0.8456 0.6270 0.6216 -0.4695
12.2014 3116.2700 -782.7320 1010.3200 0.7713 -0.5835 0.2542 -0.1209 -0.5265 -0.8416 0.6249 0.6184 -0.4766
12.3271 3116.2700 -782.7320 1010.3200 0.7713 -0.5835 0.2542 -0.1209 -0.5265 -0.8416 0.6249 0.6184 -0.4766
12.8055 3116.2700 -782.7320 1010.3200 0.7713 -0.5835 0.2542 -0.1209 -0.5265 -0.8416 0.6249 0.6184 -0.4766
13.6294 3116.2700 -782.7320 1010.3200 0.7713 -0.5835 0.2542 -0.1209 -0.5265 -0.8416 0.6249 0.6184 -0.4766
12.5404 3104.0100 -788.0120 1005.3200 0.9999 0.0146 -0.0045 -0.0144 0.9985 0.0527 0.0053 -0.0526 0.9986
11.0002 3104.0100 -788.0120 1005.3200 0.9999 0.0146 -0.0045 -0.0144 0.9985 0.0527 0.0053 -0.0526 0.9986
9.7400 3104.0100 -788.0120 1005.3200 0.9999 0.0146 -0.0045 -0.0144 0.9985 0.0527 0.0053 -0.0526 0.9986
8.9340 3104.0100 -788.0120 1005.3200 0.9999 0.0146 -0.0045 -0.0144 0.9985 0.0527 0.0053 -0.0526 0.9986
8.7691 3104.0100 -788.0120 1005.3200 0.9999 0.0146 -0.0045 -0.0144 0.9985 0.0527 0.0053 -0.0526 0.9986
9.3363 3104.0100 -788.0120 1005.3200 0.9999 0.0146 -0.0045 -0.0144 0.9985 0.0527 0.0053 -0.0526 0.9986
10.5715 3104.0100 -788.0120 1005.3200 0.9999 0.0146 -0.0045 -0.0144 0.9985 0.0527 0.0053 -0.0526 0.9986
12.3237 3104.0100 -788.0120 1005.3200 0.9999 0.0146 -0.0045 -0.0144 0.9985 0.0527 0.0053 -0.0526 0.9986
13.8942 3102.8700 -778.5250 1001.2500 0.9524 -0.2882 -0.0998 0.1402 0.7043 -0.6959 0.2708 0.6488 0.7112
13.1049 3111.7200 -783.5760 996.0410 0.9611 0.1431 0.2361 -0.2664 0.7044 0.6578 -0.0722 -0.6952 0.7152
12.5521 3111.7200 -783.5760 996.0410 0.9611 0.1431 0.2361 -0.2664 0.7044 0.6578 -0.0722 -0.6952 0.7152
12.6993 3111.7200 -783.5760 996.0410 0.9611 0.1431 0.2361 -0.2664 0.7044 0.6578 -0.0722 -0.6952 0.7152
13.5755 3111.7200 -783.5760 996.0410 0.9611 0.1431 0.2361 -0.2664 0.7044 0.6578 -0.0722 -0.6952 0.7152
15.1027 3111.7200 -783.5760 996.0410 0.9611 0.1431 0.2361 -0.2664 0.7044 0.6578 -0.0722 -0.6952 0.7152
15.3631 3116.9200 -783.7550 1002.4900 0.9954 -0.0664 -0.0691 0.0512 0.9781 -0.2019 0.0810 0.1974 0.9770
15.3385 3116.9200 -783.7550 1002.4900 0.9954 -0.0664 -0.0691 0.0512 0.9781 -0.2019 0.0810 0.1974 0.9770
14.3066 3100.2200 -781.5250 999.1520 0.7299 -0.4194 0.5398 -0.4445 -0.8911 -0.0914 0.5193 -0.1732 -0.8368
13.7941 3100.2200 -781.5250 999.1520 0.7299 -0.4194 0.5398 -0.4445 -0.8911 -0.0914 0.5193 -0.1732 -0.8368
13.7485 3099.9000 -781.0490 998.0640 0.7306 -0.4364 0.5252 -0.4308 -0.8913 -0.1412 0.5298 -0.1231 -0.8392
12.6253 3099.7900 -780.9800 998.0130 0.7305 -0.4435 0.5193 -0.4251 -0.8904 -0.1626 0.5345 -0.1020 -0.8390
12.4849 3099.7900 -780.9800 998.0130 0.7305 -0.4435 0.5193 -0.4251 -0.8904 -0.1626 0.5345 -0.1020 -0.8390
13.4213 3099.6200 -781.1440 998.2400 0.7317 -0.4634 0.4998 -0.4041 -0.8855 -0.2295 0.5489 -0.0340 -0.8352
14.1083 3099.6200 -781.1440 998.2400 0.7317 -0.4634 0.4998 -0.4041 -0.8855 -0.2295 0.5489 -0.0340 -0.8352
15.8190 3099.6200 -781.1440 998.2400 0.7317 -0.4634 0.4998 -0.4041 -0.8855 -0.2295 0.5489 -0.0340 -0.8352
18.3272 3099.6200 -781.1440 998.2400 0.7317 -0.4634 0.4998 -0.4041 -0.8855 -0.2295 0.5489 -0.0340 -0.8352
21.4009 3099.6200 -781.1440 998.2400 0.7317 -0.4634 0.4998 -0.4041 -0.8855 -0.2295 0.5489 -0.0340 -0.8352
24.8776 3099.6200 -781.1440 998.2400 0.7317 -0.4634 0.4998 -0.4041 -0.8855 -0.2295 0.5489 -0.0340 -0.8352
28.6502 3099.6200 -781.1440 998.2400 0.7317 -0.4634 0.4998 -0.4041 -0.8855 -0.2295 0.5489 -0.0340 -0.8352
29.4380 3107.1400 -779.2450 995.8400 0.9850 -0.1311 -0.1120 0.0853 0.9350 -0.3442 0.1499 0.3295 0.9322
26.8753 3107.1400 -779.2450 995.8400 0.9850 -0.1311 -0.1120 0.0853 0.9350 -0.3442 0.1499 0.3295 0.9322
24.8534 3107.1400 -779.2450 995.8400 0.9850 -0.1311 -0.1120 0.0853 0.9350 -0.3442 0.1499 0.3295 0.9322
23.5628 3107.1400 -779.2450 995.8400 0.9850 -0.1311 -0.1120 0.0853 0.9350 -0.3442 0.1499 0.3295 0.9322
20.7528 3116.8300 -782.2470 1003.8000 0.9186 0.1268 0.3743 -0.3951 0.3169 0.8623 -0.0093 -0.9400 0.3412
16.7011 3116.8300 -782.2470 1003.8000 0.9186 0.1268 0.3743 -0.3951 0.3169 0.8623 -0.0093 -0.9400 0.3412
13.1997 3116.8300 -782.2470 1003.8000 0.9186 0.1268 0.3743 -0.3951 0.3169 0.8623 -0.0093 -0.9400 0.3412
10.9175 3116.8300 -782.2470 1003.8000 0.9186 0.1268 0.3743 -0.3951 0.3169 0.8623 -0.0093 -0.9400 0.3412
10.8063 3116.8300 -782.2470 1003.8000 0.9186 0.1268 0.3743 -0.3951 0.3169 0.8623 -0.0093 -0.9400 0.3412
13.0368 3116.8300 -782.2470 1003.8000 0.9186 0.1268 0.3743 -0.3951 0.3169 0.8623 -0.0093 -0.9400 0.3412
16.7848 3116.8300 -782.2470 1003.8000 0.9186 0.1268 0.3743 -0.3951 0.3169 0.8623 -0.0093 -0.9400 0.3412
21.3356 3116.8300 -782.2470 1003.8000 0.9186 0.1268 0.3743 -0.3951 0.3169 0.8623 -0.0093 -0.9400 0.3412
21.9111 3115.8500 -787.2590 1001.7300 0.9697 -0.1959 -0.1460 0.0907 0.8435 -0.5293 0.2269 0.5001 0.8357
18.8370 3115.8500 -787.2590 1001.7300 0.9697 -0.1959 -0.1460 0.0907 0.8435 -0.5293 0.2269 0.5001 0.8357
16.7091 3115.8300 -787.2440 1001.8300 0.9679 -0.2027 -0.1486 0.0916 0.8352 -0.5423 0.2340 0.5113 0.8269
13.6463 3105.3400 -780.6030 1016.3800 0.9966 0.0822 0.0108 -0.0819 0.9537 0.2893 0.0135 -0.2892 0.9572
8.2015 3105.3400 -780.6030 1016.3800 0.9966 0.0822 0.0108 -0.0819 0.9537 0.2893 0.0135 -0.2892 0.9572
4.4195 3105.3400 -780.6030 1016.3800 0.9966 0.0822 0.0108 -0.0819 0.9537 0.2893 0.0135 -0.2892 0.9572
6.8375 3105.3400 -780.6030 1016.3800 0.9966 0.0822 0.0108 -0.0819 0.9537 0.2893 0.0135 -0.2892 0.9572
9.0567 3102.8300 -779.4880 1015.5600 0.7729 -0.2670 0.5756 -0.5234 -0.7811 0.3405 0.3587 -0.5644 -0.7435
5.5659 3107.0800 -780.2860 1016.3700 0.9976 0.0157 -0.0677 -0.0119 0.9984 0.0560 0.0685 -0.0551 0.9961
1.9817 3107.0800 -780.2860 1016.3700 0.9976 0.0157 -0.0677 -0.0119 0.9984 0.0560 0.0685 -0.0551 0.9961
7.9099 3107.0800 -780.2860 1016.3700 0.9976 0.0157 -0.0677 -0.0119 0.9984 0.0560 0.0685 -0.0551 0.9961
6.6269 3104.3200 -778.0350 1012.9700 0.8556 -0.5167 -0.0300 0.0025 0.0620 -0.9981 0.5176 0.8539 0.0543
4.8557 3104.3200 -778.0350 1012.9700 0.8556 -0.5167 -0.0300 0.0025 0.0620 -0.9981 0.5176 0.8539 0.0543
9.8622 3104.3200 -778.0350 1012.9700 0.8556 -0.5167 -0.0300 0.0025 0.0620 -0.9981 0.5176 0.8539 0.0543
11.2845 3109.9600 -776.4930 1006.8500 0.8344 -0.5503 0.0321 -0.0499 -0.1335 -0.9898 0.5489 0.8243 -0.1388
15.5177 3109.9600 -776.4930 1006.8500 0.8344 -0.5503 0.0321 -0.0499 -0.1335 -0.9898 0.5489 0.8243 -0.1388
17.6730 3112.3200 -787.8770 1008.0700 0.9964 0.0143 -0.0836 -0.0095 0.9983 0.0573 0.0843 -0.0563 0.9948
13.1586 3112.3200 -787.8770 1008.0700 0.9964 0.0143 -0.0836 -0.0095 0.9983 0.0573 0.0843 -0.0563 0.9948
11.8975 3112.3200 -787.8770 1008.0700 0.9964 0.0143 -0.0836 -0.0095 0.9983 0.0573 0.0843 -0.0563 0.9948
9.3219 3110.4900 -776.5500 1004.2200 0.8027 -0.2117 0.5575 -0.5208 -0.7045 0.4822 0.2907 -0.6774 -0.6757
6.5265 3110.4900 -776.5500 1004.2200 0.8027 -0.2117 0.5575 -0.5208 -0.7045 0.4822 0.2907 -0.6774 -0.6757
10.8136 3110.4900 -776.5500 1004.2200 0.8027 -0.2117 0.5575 -0.5208 -0.7045 0.4822 0.2907 -0.6774 -0.6757
16.7732 3105.4700 -776.8030 1011.2700 0.9022 -0.4038 -0.1516 0.0481 0.4435 -0.8950 0.4286 0.8002 0.4195
9.3687 3105.4700 -776.8030 1011.2700 0.9022 -0.4038 -0.1516 0.0481 0.4435 -0.8950 0.4286 0.8002 0.4195
4.5965 3105.4700 -776.8030 1011.2700 0.9022 -0.4038 -0.1516 0.0481 0.4435 -0.8950 0.4286 0.8002 0.4195
9.3092 3105.4700 -776.8030 1011.2700 0.9022 -0.4038 -0.1516 0.0481 0.4435 -0.8950 0.4286 0.8002 0.4195
9.0804 3103.4200 -779.2710 1001.9300 0.9509 -0.2372 -0.1986 0.0707 0.7917 -0.6068 0.3012 0.5630 0.7696
8.7718 3103.4200 -779.2710 1001.9300 0.9509 -0.2372 -0.1986 0.0707 0.7917 -0.6068 0.3012 0.5630 0.7696
10.2641 3107.3400 -776.8150 1010.2200 0.9293 -0.3122 -0.1973 0.0613 0.6572 -0.7512 0.3642 0.6860 0.6299
2.7947 3107.3400 -776.8150 1010.2200 0.9293 -0.3122 -0.1973 0.0613 0.6572 -0.7512 0.3642 0.6860 0.6299
7.8137 3107.3400 -776.8150 1010.2200 0.9293 -0.3122 -0.1973 0.0613 0.6572 -0.7512 0.3642 0.6860 0.6299
16.4604 3107.3400 -776.8150 1010.2200 0.9293 -0.3122 -0.1973 0.0613 0.6572 -0.7512 0.3642 0.6860 0.6299
9.1229 3102.8800 -775.2880 1013.4500 0.9827 0.1471 0.1126 -0.1844 0.7196 0.6694 0.0175 -0.6786 0.7343
6.3996 3102.8800 -775.2880 1013.4500 0.9827 0.1471 0.1126 -0.1844 0.7196 0.6694 0.0175 -0.6786 0.7343
9.5177 3102.5700 -775.7800 1014.4900 0.9627 0.1520 0.2239 -0.2700 0.4849 0.8318 0.0178 -0.8613 0.5078
12.2908 3109.6100 -777.9760 1007.0600 0.7864 -0.5665 0.2462 -0.2978 -0.6969 -0.6524 0.5412 0.4397 -0.7168
12.7921 3109.6100 -777.9760 1007.0600 0.7864 -0.5665 0.2462 -0.2978 -0.6969 -0.6524 0.5412 0.4397 -0.7168
17.3712 3116.2600 -781.5160 1009.8600 0.9846 0.1480 0.0934 -0.1724 0.7288 0.6626 0.0300 -0.6685 0.7431
10.9437 3116.2600 -781.5160 1009.8600 0.9846 0.1480 0.0934 -0.1724 0.7288 0.6626 0.0300 -0.6685 0.7431
11.2349 3116.2600 -781.5160 1009.8600 0.9846 0.1480 0.0934 -0.1724 0.7288 0.6626 0.0300 -0.6685 0.7431
14.7866 3116.5400 -782.3570 1006.2200 0.9847 0.1495 0.0891 -0.1706 0.7285 0.6635 0.0343 -0.6686 0.7429
7.4006 3105.8400 -780.0700 1014.1000 0.9010 -0.3801 -0.2090 0.0140 0.5069 -0.8619 0.4335 0.7736 0.4621
7.0561 3105.8400 -780.0700 1014.1000 0.9010 -0.3801 -0.2090 0.0140 0.5069 -0.8619 0.4335 0.7736 0.4621
15.9204 3105.8400 -780.0700 1014.1000 0.9010 -0.3801 -0.2090 0.0140 0.5069 -0.8619 0.4335 0.7736 0.4621
13.8980 3110.4000 -778.3510 1007.1400 0.9418 -0.2278 -0.2473 0.0368 0.8010 -0.5975 0.3342 0.5536 0.7628
15.0683 3110.4000 -778.3510 1007.1400 0.9418 -0.2278 -0.2473 0.0368 0.8010 -0.5975 0.3342 0.5536 0.7628
21.2933 3109.9600 -777.5790 1016.4000 0.9883 0.1414 0.0573 -0.1440 0.7408 0.6561 0.0503 -0.6567 0.7525
16.9012 3109.9600 -777.5790 1016.4000 0.9883 0.1414 0.0573 -0.1440 0.7408 0.6561 0.0503 -0.6567 0.7525
18.6972 3109.9600 -777.5790 1016.4000 0.9883 0.1414 0.0573 -0.1440 0.7408 0.6561 0.0503 -0.6567 0.7525
16.3930 3101.2300 -783.0100 1015.8100 0.9875 0.0480 -0.1504 -0.0235 0.9867 0.1608 0.1561 -0.1552 0.9755
7.6152 3101.2300 -783.0100 1015.8100 0.9875 0.0480 -0.1504 -0.0235 0.9867 0.1608 0.1561 -0.1552 0.9755
4.9981 3101.3000 -783.2810 1015.4600 0.9904 0.0801 -0.1128 -0.0449 0.9572 0.2858 0.1309 -0.2780 0.9516
13.4650 3101.3000 -783.2810 1015.4600 0.9904 0.0801 -0.1128 -0.0449 0.9572 0.2858 0.1309 -0.2780 0.9516
17.2297 3109.9700 -776.1120 1009.3200 0.9844 0.1468 0.0966 -0.1689 0.6391 0.7503 0.0485 -0.7549 0.6540
22.3299 3105.1700 -779.2590 1006.1200 0.9698 0.1348 0.2033 -0.2410 0.4006 0.8840 0.0377 -0.9063 0.4210
29.1824 3105.1700 -779.2590 1006.1200 0.9698 0.1348 0.2033 -0.2410 0.4006 0.8840 0.0377 -0.9063 0.4210
38.5297 3105.1700 -779.2590 1006.1200 0.9698 0.1348 0.2033 -0.2410 0.4006 0.8840 0.0377 -0.9063 0.4210
34.1379 3108.7400 -777.7480 1010.4900 0.9895 0.1225 -0.0760 -0.0752 0.8884 0.4528 0.1230 -0.4424 0.8883
31.1379 3108.7400 -777.7480 1010.4900 0.9895 0.1225 -0.0760 -0.0752 0.8884 0.4528 0.1230 -0.4424 0.8883
23.1222 3116.6000 -778.1360 1005.6300 0.8347 -0.3429 0.4309 -0.4699 -0.8514 0.2328 0.2870 -0.3968 -0.8719
18.6789 3116.6000 -778.1360 1005.6300 0.8347 -0.3429 0.4309 -0.4699 -0.8514 0.2328 0.2870 -0.3968 -0.8719
21.6329 3116.6000 -778.1360 1005.6300 0.8347 -0.3429 0.4309 -0.4699 -0.8514 0.2328 0.2870 -0.3968 -0.8719
13.8764 3116.7600 -778.6590 1005.2300 0.8059 -0.5641 0.1799 -0.3608 -0.7088 -0.6062 0.4695 0.4236 -0.7747
12.3345 3116.7600 -778.6590 1005.2300 0.8059 -0.5641 0.1799 -0.3608 -0.7088 -0.6062 0.4695 0.4236 -0.7747
9.9567 3116.5000 -777.6980 1005.6000 0.8113 -0.5013 0.3008 -0.4274 -0.8597 -0.2798 0.3989 0.0984 -0.9117
17.8656 3116.5000 -777.6980 1005.6000 0.8113 -0.5013 0.3008 -0.4274 -0.8597 -0.2798 0.3989 0.0984 -0.9117
19.4912 3107.9700 -782.3100 1016.4500 0.9891 0.1348 -0.0593 -0.0762 0.8128 0.5775 0.1260 -0.5667 0.8142
8.0938 3107.9700 -782.3100 1016.4500 0.9891 0.1348 -0.0593 -0.0762 0.8128 0.5775 0.1260 -0.5667 0.8142
9.9406 3107.9700 -782.3100 1016.4500 0.9891 0.1348 -0.0593 -0.0762 0.8128 0.5775 0.1260 -0.5667 0.8142
6.3335 3109.9200 -779.5210 998.8360 0.9139 -0.2391 -0.3282 -0.0176 0.7842 -0.6203 0.4056 0.5726 0.7124
8.8980 3111.4500 -788.7490 1003.6300 0.8725 -0.3890 -0.2957 -0.0839 0.4770 -0.8749 0.4814 0.7882 0.3835
8.7374 3107.6400 -782.1110 1016.3600 0.9883 0.1525 -0.0027 -0.1040 0.6869 0.7192 0.1115 -0.7106 0.6948
5.3358 3103.9000 -782.1370 1015.9800 0.9686 0.1080 0.2241 -0.2391 0.1564 0.9583 0.0684 -0.9818 0.1773
9.7889 3099.9600 -787.1670 1003.6300 0.9860 0.1222 -0.1137 -0.0500 0.8662 0.4972 0.1592 -0.4845 0.8602
7.4809 3109.5900 -779.2500 999.5940 0.9760 0.0696 -0.2063 -0.0155 0.9673 0.2532 0.2172 -0.2440 0.9452
18.6675 3105.0200 -776.8290 1010.6100 0.8736 -0.3560 -0.3319 -0.0874 0.5561 -0.8265 0.4788 0.7510 0.4547
9.3262 3105.0200 -776.8290 1010.6100 0.8736 -0.3560 -0.3319 -0.0874 0.5561 -0.8265 0.4788 0.7510 0.4547
8.5437 3110.1700 -785.7590 1013.2100 0.8215 -0.5489 -0.1543 -0.2494 -0.1025 -0.9630 0.5128 0.8296 -0.2210
9.6383 3104.3500 -785.1150 1006.8000 0.8343 -0.4679 0.2915 -0.4542 -0.8831 -0.1177 0.3125 -0.0342 -0.9493
6.3144 3103.1700 -781.7100 1015.9000 0.9869 0.1503 -0.0581 -0.0712 0.7300 0.6797 0.1446 -0.6667 0.7312
13.8684 3116.7700 -779.7280 1005.1100 0.8114 -0.5820 -0.0535 -0.3292 -0.3794 -0.8647 0.4830 0.7193 -0.4994
4.7273 3107.3900 -783.4580 1014.8700 0.8582 -0.3834 -0.3414 -0.1218 0.4940 -0.8609 0.4987 0.7804 0.3772
3.6393 3103.5100 -787.5740 1009.9100 0.9853 0.1458 -0.0885 -0.0549 0.7623 0.6448 0.1615 -0.6305 0.7592
5.5386 3103.2900 -777.0730 1011.3100 0.9877 0.1483 0.0492 -0.1152 0.4785 0.8705 0.1056 -0.8655 0.4897
7.3547 3099.0700 -781.2660 1015.4800 0.9789 0.1059 0.1750 -0.1898 0.1510 0.9701 0.0763 -0.9828 0.1679
17.0983 3117.0400 -779.3750 1002.8400 0.8154 -0.5665 -0.1193 -0.3204 -0.2700 -0.9080 0.4822 0.7786 -0.4017
18.6606 3117.0400 -779.3750 1002.8400 0.8154 -0.5665 -0.1193 -0.3204 -0.2700 -0.9080 0.4822 0.7786 -0.4017
15.5161 3108.7800 -778.5190 1007.9000 0.9108 -0.1184 -0.3955 -0.0249 0.9405 -0.3390 0.4121 0.3186 0.8536
8.6040 3108.7800 -778.5190 1007.9000 0.9108 -0.1184 -0.3955 -0.0249 0.9405 -0.3390 0.4121 0.3186 0.8536
5.4596 3103.9400 -780.0010 1008.5100 0.9722 0.1165 -0.2030 -0.0090 0.8853 0.4649 0.2338 -0.4502 0.8618
16.8080 3103.9400 -780.0010 1008.5100 0.9722 0.1165 -0.2030 -0.0090 0.8853 0.4649 0.2338 -0.4502 0.8618
14.8573 3109.0000 -777.9410 1004.3800 0.9890 0.1330 0.0642 -0.1068 0.3439 0.9329 0.1020 -0.9295 0.3543
3.5163 3109.0000 -777.9410 1004.3800 0.9890 0.1330 0.0642 -0.1068 0.3439 0.9329 0.1020 -0.9295 0.3543
10.6895 3102.8800 -784.5770 1003.3100 0.8493 -0.4821 0.2151 -0.4591 -0.8756 -0.1500 0.2607 0.0287 -0.9650
16.9566 3098.9400 -777.1580 1015.0300 0.9856 0.1506 -0.0770 -0.0373 0.6375 0.7696 0.1650 -0.7556 0.6339
4.9893 3107.3800 -780.2040 1001.9800 0.8192 -0.4634 -0.3378 -0.2414 0.2557 -0.9361 0.5202 0.8485 0.0976
7.8642 3107.0900 -779.7730 1003.2600 0.8096 -0.5178 -0.2765 -0.2962 0.0463 -0.9540 0.5068 0.8543 -0.1159
10.1100 3103.5900 -778.4380 1011.8100 0.8842 -0.1505 -0.4422 -0.0484 0.9121 -0.4072 0.4646 0.3814 0.7992
2.9107 3108.8400 -776.4350 1012.1500 0.9863 0.1515 -0.0650 -0.0327 0.5665 0.8234 0.1616 -0.8101 0.5637
3.4781 3112.6400 -777.8300 1007.2700 0.9412 0.0611 -0.3323 0.0175 0.9734 0.2285 0.3374 -0.2208 0.9151
16.7242 3112.6400 -777.8300 1007.2700 0.9412 0.0611 -0.3323 0.0175 0.9734 0.2285 0.3374 -0.2208 0.9151
4.5690 3110.6600 -776.7050 1007.3000 0.8149 -0.4201 -0.3993 -0.2320 0.3950 -0.8889 0.5311 0.8170 0.2244
7.1989 3105.2300 -780.6670 1005.6300 0.8448 -0.2608 -0.4672 -0.1241 0.7539 -0.6451 0.5205 0.6030 0.6046
8.6067 3103.0900 -775.2800 1014.3900 0.9862 0.1494 -0.0713 -0.0175 0.5222 0.8526 0.1646 -0.8396 0.5176
11.6336 3107.2500 -778.5260 1001.7200 0.9303 0.0605 -0.3619 0.0184 0.9774 0.2105 0.3664 -0.2025 0.9081
15.6880 3106.2100 -787.3150 1012.0700 0.9751 0.1571 -0.1567 0.0086 0.6789 0.7342 0.2218 -0.7173 0.6606
13.6070 3106.7000 -780.2060 1009.2400 0.9513 0.1164 -0.2855 0.0365 0.8770 0.4792 0.3062 -0.4663 0.8300
7.9526 3103.7600 -778.7070 1003.9300 0.7985 -0.4380 -0.4130 -0.2787 0.3391 -0.8985 0.5336 0.8326 0.1487
15.9120 3103.7600 -778.7070 1003.9300 0.7985 -0.4380 -0.4130 -0.2787 0.3391 -0.8985 0.5336 0.8326 0.1487
6.9738 3102.4500 -778.2550 1006.8400 0.8360 -0.2185 -0.5034 -0.1215 0.8209 -0.5580 0.5352 0.5276 0.6597
21.5899 3102.4500 -778.2550 1006.8400 0.8360 -0.2185 -0.5034 -0.1215 0.8209 -0.5580 0.5352 0.5276 0.6597
9.4013 3109.0500 -779.1670 1013.4600 0.7826 -0.5410 -0.3080 -0.4006 -0.0591 -0.9143 0.4764 0.8390 -0.2630
6.1265 3108.5200 -779.0280 1013.5500 0.7822 -0.5555 -0.2822 -0.4186 -0.1331 -0.8983 0.4615 0.8208 -0.3367
10.0115 3106.2900 -778.7200 1013.3700 0.7817 -0.5605 -0.2735 -0.4352 -0.1761 -0.8829 0.4467 0.8092 -0.3816
11.3765 3106.2900 -778.7200 1013.3700 0.7817 -0.5605 -0.2735 -0.4352 -0.1761 -0.8829 0.4467 0.8092 -0.3816
20.4611 3102.1700 -776.9280 1006.4000 0.8133 -0.5764 -0.0791 -0.5033 -0.6288 -0.5927 0.2919 0.5219 -0.8015
14.8797 3102.1700 -776.9280 1006.4000 0.8133 -0.5764 -0.0791 -0.5033 -0.6288 -0.5927 0.2919 0.5219 -0.8015
20.0866 3107.1200 -777.9260 998.7600 0.7752 -0.5104 -0.3722 -0.4053 0.0502 -0.9128 0.4846 0.8585 -0.1679
13.1471 3098.1700 -781.5120 997.2630 0.9943 0.1060 -0.0106 -0.0078 0.1714 0.9852 0.1063 -0.9795 0.1712
11.2221 3105.0000 -781.6450 1007.4300 0.8529 -0.0520 -0.5195 -0.0273 0.9892 -0.1439 0.5214 0.1369 0.8423
15.0735 3106.1800 -777.2100 1000.3200 0.9424 0.1405 -0.3035 0.0776 0.7909 0.6070 0.3253 -0.5955 0.7345
11.0406 3103.9300 -776.3920 1014.7100 0.8809 -0.4620 0.1031 -0.4645 -0.8856 0.0004 0.0911 -0.0483 -0.9947
17.1762 3107.7600 -780.5010 1007.4100 0.8263 -0.1040 -0.5535 -0.0654 0.9584 -0.2777 0.5594 0.2657 0.7852
10.5683 3106.3600 -780.1310 1005.0300 0.7563 -0.4387 -0.4854 -0.3664 0.3306 -0.8697 0.5420 0.8356 0.0893
8.3275 3108.0700 -780.2910 1007.3200 0.8132 -0.1265 -0.5680 -0.0949 0.9342 -0.3440 0.5741 0.3336 0.7477
7.6194 3110.2800 -777.8660 999.2600 0.7553 -0.5340 -0.3799 -0.4668 -0.0316 -0.8838 0.4599 0.8449 -0.2731
15.2230 3109.8800 -776.8550 997.9620 0.7489 -0.5164 -0.4153 -0.4518 0.0607 -0.8901 0.4848 0.8542 -0.1878
15.9273 3107.4400 -775.6610 997.5540 0.8050 -0.5761 -0.1418 -0.5412 -0.6152 -0.5732 0.2430 0.5382 -0.8070
11.9065 3105.2100 -788.1500 1001.7700 0.7661 -0.5785 -0.2799 -0.5404 -0.3442 -0.7678 0.3479 0.7395 -0.5763
11.6019 3105.2100 -788.1500 1001.7700 0.7661 -0.5785 -0.2799 -0.5404 -0.3442 -0.7678 0.3479 0.7395 -0.5763
28.3704 3101.2500 -776.6650 1000.2900 0.7492 -0.5352 -0.3903 -0.4966 -0.0640 -0.8656 0.4383 0.8423 -0.3138
10.4406 3102.6000 -785.2020 1012.5400 0.9744 -0.1921 0.1168 -0.2175 -0.6734 0.7065 -0.0571 -0.7138 -0.6980
4.0557 3110.5500 -777.9830 1002.5700 0.8641 0.0684 -0.4987 0.0685 0.9655 0.2512 0.4987 -0.2512 0.8296
18.5550 3104.7300 -777.3720 1015.5800 0.9711 0.1403 -0.1932 0.1264 0.3843 0.9145 0.2025 -0.9125 0.3555
3.4794 3104.5500 -777.5180 1015.5400 0.9764 0.1337 -0.1694 0.1188 0.3219 0.9393 0.1801 -0.9373 0.2984
4.1332 3109.1600 -779.3480 996.1870 0.7551 -0.1833 -0.6295 -0.1754 0.8687 -0.4633 0.6317 0.4602 0.6238
5.8812 3112.3300 -780.5490 997.1700 0.8099 -0.0131 -0.5864 -0.0099 0.9993 -0.0360 0.5864 0.0350 0.8092
11.4804 3111.0700 -779.0890 999.2810 0.9170 0.1450 -0.3716 0.1477 0.7419 0.6540 0.3705 -0.6546 0.6589
15.4068 3107.8000 -779.7950 1001.2700 0.7213 -0.5427 -0.4303 -0.5541 -0.0794 -0.8286 0.4155 0.8362 -0.3580
8.6351 3107.8000 -779.7950 1001.2700 0.7213 -0.5427 -0.4303 -0.5541 -0.0794 -0.8286 0.4155 0.8362 -0.3580
19.6468 3110.9700 -780.9300 993.7160 0.7950 -0.5756 -0.1915 -0.5901 -0.6607 -0.4640 0.1406 0.4818 -0.8649
12.0730 3110.9700 -780.9300 993.7160 0.7950 -0.5756 -0.1915 -0.5901 -0.6607 -0.4640 0.1406 0.4818 -0.8649
3.7319 3108.4700 -779.1300 1004.7800 0.8600 0.1097 -0.4984 0.1319 0.8956 0.4247 0.4930 -0.4310 0.7558
14.9244 3116.3000 -784.5420 1007.6000 0.6840 -0.4332 -0.5869 -0.4695 0.3544 -0.8087 0.5583 0.8287 0.0390
14.3983 3116.3000 -784.5420 1007.6000 0.6840 -0.4332 -0.5869 -0.4695 0.3544 -0.8087 0.5583 0.8287 0.0390
11.3492 3106.9900 -775.7760 1010.0900 0.6789 -0.4538 -0.5771 -0.4927 0.3012 -0.8164 0.5443 0.8386 -0.0191
7.4581 3110.5000 -788.1010 1005.7200 0.6721 -0.3838 -0.6333 -0.4360 0.4862 -0.7573 0.5985 0.7851 0.1594
6.8378 3111.0100 -787.7990 1008.9400 0.7587 -0.0120 -0.6513 -0.0171 0.9991 -0.0383 0.6512 0.0402 0.7578
5.6778 3110.2400 -775.7370 999.7500 0.9630 -0.2693 0.0060 -0.2232 -0.7855 0.5772 -0.1507 -0.5572 -0.8166
13.6514 3099.9600 -775.0830 1008.4400 0.6861 -0.5384 -0.4893 -0.6029 -0.0445 -0.7966 0.4071 0.8415 -0.3551
11.0681 3100.2900 -775.7740 1004.6900 0.6913 -0.5520 -0.4663 -0.6251 -0.1330 -0.7692 0.3626 0.8232 -0.4370
5.0733 3109.9600 -776.1750 1005.9500 0.8491 -0.5125 -0.1281 -0.5252 -0.8452 -0.0990 -0.0575 0.1514 -0.9868
12.2997 3109.6900 -779.2160 995.2960 0.9949 -0.0792 -0.0616 0.0206 -0.4396 0.8979 -0.0982 -0.8947 -0.4358
15.5391 3105.4000 -779.8620 1002.0900 0.7151 -0.0522 -0.6970 -0.0563 0.9897 -0.1320 0.6967 0.1336 0.7048
7.9304 3109.5600 -787.6590 1010.5400 0.6477 -0.2445 -0.7216 -0.3160 0.7756 -0.5464 0.6933 0.5819 0.4252
12.7215 3100.0200 -775.2470 1007.7000 0.7114 -0.5803 -0.3964 -0.6665 -0.3784 -0.6423 0.2227 0.7212 -0.6560
6.0340 3110.3300 -777.3140 1008.4800 0.7771 0.0779 -0.6245 0.1248 0.9535 0.2743 0.6168 -0.2911 0.7313
13.5295 3106.7400 -787.9590 1005.0800 0.6261 -0.3187 -0.7116 -0.4139 0.6376 -0.6497 0.6608 0.7013 0.2673
16.1111 3116.7900 -780.4490 1003.6400 0.9460 -0.3163 -0.0709 -0.2437 -0.8384 0.4876 -0.2137 -0.4440 -0.8702
6.6352 3116.2900 -777.2680 999.1000 0.6738 -0.5654 -0.4758 -0.6830 -0.2309 -0.6929 0.2820 0.7918 -0.5417
11.4487 3115.6800 -776.4270 1002.1000 0.7164 -0.5820 -0.3848 -0.6847 -0.4803 -0.5482 0.1342 0.6562 -0.7426
11.5812 3106.0100 -785.4080 1003.6400 0.9197 -0.3784 -0.1044 -0.3197 -0.8765 0.3599 -0.2277 -0.2976 -0.9271
5.6993 3105.2500 -785.8070 1003.1900 0.8488 -0.4978 -0.1781 -0.5039 -0.8637 0.0123 -0.1600 0.0793 -0.9839
5.8411 3103.9500 -781.9300 1012.9900 0.6419 -0.5562 -0.5279 -0.6970 -0.1361 -0.7041 0.3197 0.8198 -0.4750
9.7304 3104.8000 -787.6040 1000.5900 0.7056 -0.5856 -0.3990 -0.7002 -0.4901 -0.5192 0.1085 0.6457 -0.7558
33.3647 3104.8000 -787.6040 1000.5900 0.7056 -0.5856 -0.3990 -0.7002 -0.4901 -0.5192 0.1085 0.6457 -0.7558
21.9927 3099.7700 -777.8870 1005.6700 0.7272 0.0760 -0.6822 0.1506 0.9520 0.2666 0.6697 -0.2966 0.6808
12.9016 3104.3600 -776.8110 1010.2100 0.5656 -0.3967 -0.7230 -0.5566 0.4633 -0.6896 0.6086 0.7924 0.0413
11.6528 3112.2600 -776.9940 1003.5300 0.5619 -0.3559 -0.7467 -0.5184 0.5519 -0.6532 0.6446 0.7541 0.1256
17.9877 3116.7200 -782.2930 1005.6500 0.8398 -0.4965 -0.2196 -0.4981 -0.8656 0.0521 -0.2159 0.0656 -0.9742
6.3682 3105.2000 -779.6420 1005.9700 0.5747 -0.4940 -0.6525 -0.6855 0.1450 -0.7135 0.4471 0.8573 -0.2553
8.9462 3103.6200 -778.9860 999.1840 0.5654 -0.4761 -0.6735 -0.6728 0.2062 -0.7105 0.4771 0.8549 -0.2038
12.9944 3101.9100 -778.5270 1005.4200 0.7386 0.1151 -0.6643 0.2358 0.8790 0.4144 0.6316 -0.4627 0.6221
15.1926 3098.1300 -783.8490 1011.4100 0.9722 -0.0423 -0.2305 0.1985 -0.3744 0.9058 -0.1246 -0.9263 -0.3556
8.6093 3107.1600 -777.4580 1001.5300 0.7430 0.1247 -0.6576 0.2710 0.8422 0.4660 0.6119 -0.5245 0.5920
16.6140 3111.0000 -780.0510 1016.0100 0.5657 -0.1071 -0.8176 -0.1722 0.9543 -0.2441 0.8064 0.2789 0.5215
33.9328 3106.1900 -778.8760 1002.7900 0.9477 0.0300 -0.3176 0.3190 -0.1128 0.9410 -0.0076 -0.9932 -0.1165
15.6703 3106.8400 -785.9330 1001.0700 0.8492 -0.4638 -0.2525 -0.4273 -0.8844 0.1876 -0.3104 -0.0514 -0.9492
20.5286 3106.8400 -785.9330 1001.0700 0.8492 -0.4638 -0.2525 -0.4273 -0.8844 0.1876 -0.3104 -0.0514 -0.9492
10.8625 3107.0400 -785.3770 999.0080 0.9112 -0.3467 -0.2226 -0.2080 -0.8535 0.4778 -0.3556 -0.3890 -0.8498
12.2899 3104.9700 -786.5390 1001.3700 0.7726 -0.5379 -0.3373 -0.5906 -0.8038 -0.0711 -0.2329 0.2541 -0.9387
16.7031 3108.5700 -777.6740 1007.0900 0.6891 0.1180 -0.7150 0.2783 0.8679 0.4115 0.6691 -0.4826 0.5652
8.2604 3112.9400 -778.2870 1015.3600 0.7460 -0.5528 -0.3712 -0.6308 -0.7654 -0.1278 -0.2135 0.3295 -0.9197
7.1160 3105.7300 -776.2850 1007.4900 0.6236 -0.5840 -0.5198 -0.7812 -0.4403 -0.4426 0.0296 0.6820 -0.7307
12.6237 3100.9100 -787.7760 1002.8600 0.7514 0.1482 -0.6429 0.3907 0.6854 0.6145 0.5317 -0.7130 0.4571
12.1101 3103.4500 -785.9640 1013.7700 0.4941 -0.0980 -0.8638 -0.1945 0.9560 -0.2198 0.8474 0.2766 0.4533
6.2892 3103.2400 -777.8780 1015.4800 0.8834 0.0965 -0.4586 0.4492 0.1046 0.8873 0.1336 -0.9898 0.0491
17.0398 3102.9300 -777.6400 1015.5400 0.8247 0.1409 -0.5477 0.4752 0.3525 0.8062 0.3067 -0.9251 0.2238
9.4151 3103.1800 -777.4610 1015.1700 0.6989 0.1424 -0.7009 0.3809 0.7554 0.5333 0.6054 -0.6396 0.4737
16.9453 3113.8800 -777.5190 1010.7400 0.6111 0.0954 -0.7858 0.2308 0.9281 0.2922 0.7572 -0.3599 0.5452
12.0792 3105.5300 -778.1790 1006.8700 0.4180 -0.3674 -0.8308 -0.6351 0.5358 -0.5564 0.6496 0.7603 -0.0093
19.6270 3105.5300 -778.1790 1006.8700 0.4180 -0.3674 -0.8308 -0.6351 0.5358 -0.5564 0.6496 0.7603 -0.0093
17.8098 3106.6900 -781.3760 1015.3000 0.3992 -0.2657 -0.8775 -0.4847 0.7512 -0.4480 0.7782 0.6042 0.1711
19.0820 3106.6900 -781.3760 1015.3000 0.3992 -0.2657 -0.8775 -0.4847 0.7512 -0.4480 0.7782 0.6042 0.1711
42.1691 3109.9800 -787.8180 998.9710 0.4994 -0.5710 -0.6516 -0.8527 -0.1910 -0.4862 0.1532 0.7984 -0.5823
