0
0
0
0
0
0
0
0
0
0
0
0
0
0
0
0
0
0
0
0
0
0
0
0
0
0
0
0
0
0
0
0
0
0
0
0
0
0
0
0
0
0
0
0
0
0
0
0
0
0
0
0
0
0
0
0
0
0
0
0
0
0
0
0
0
0
0
0
0
0
0
0
0
0
0
0.50592 2.12589 1.10789 1.87722 0.502813 0.848327 -0.165892 -0.862292 0.478887 -0.16468 -0.0602596 0.225851 0.972296 
0.514171 -0.266572 2.40567 1.87624 0.917815 -0.311667 -0.245925 0.305097 0.950073 -0.0654035 0.254031 -0.0150025 0.96708 
0.723802 2.92474 -0.171586 1.84537 0.480007 0.844261 -0.238363 -0.874782 0.481068 -0.0577034 0.0659524 0.236214 0.96946 
0.919971 2.70883 -0.631637 1.87671 0.458762 0.849509 -0.260522 -0.871412 0.487458 0.0550028 0.173719 0.201789 0.9639 
0.386403 2.6016 0.894782 1.97292 0.965486 -0.257434 -0.0395485 0.217677 0.880933 -0.420206 0.143015 0.397095 0.906566 
0.350994 -0.179574 3.29194 1.84155 -0.186623 -0.949163 0.253498 0.982269 -0.184975 0.0305436 0.0178999 0.254703 0.966854 
0.393969 1.54919 2.32247 1.94061 0.0917952 -0.983348 0.156845 0.944918 0.0363246 -0.325285 0.314171 0.178065 0.932518 
0.46443 1.98692 1.31598 1.81362 0.237089 -0.969894 -0.0556226 0.961094 0.24252 -0.132221 0.14173 -0.0221103 0.989658 
0.486801 1.98373 1.70003 1.95738 0.277473 -0.887959 -0.366794 0.958681 0.230963 0.166093 -0.0627682 -0.397724 0.915355 
0.489049 2.07835 1.32105 1.90966 -0.399848 -0.89777 0.184745 0.841835 -0.439427 -0.313395 0.362539 0.0302139 0.931479 
0.413372 1.48235 -1.68951 2.02728 0.420027 -0.807404 -0.414338 0.811422 0.538591 -0.226968 0.406413 -0.24087 0.881368 
0.397666 1.01974 2.9967 1.88296 -0.986098 0.00846056 0.165952 -0.0322001 -0.989502 -0.140888 0.163018 -0.144273 0.976018 
0.708398 1.46119 -1.69316 1.88023 0.0662817 -0.981266 -0.180897 0.97908 0.0290057 0.2014 -0.19238 -0.190462 0.96266 
0.621664 1.46119 -1.69316 1.88023 0.0662817 -0.981266 -0.180897 0.97908 0.0290057 0.2014 -0.19238 -0.190462 0.96266 
0.823214 3.38077 -0.719204 1.91667 -0.678952 -0.733835 -0.0225901 0.695212 -0.6525 0.301537 -0.236018 0.189024 0.953187 
0.414945 -2.17055 -0.893108 2.04692 0.689836 -0.721515 -0.0595181 0.6563 0.588539 0.472115 -0.30561 -0.364744 0.879525 
0.226824 -2.32989 -0.972674 1.89674 0.844472 -0.491093 0.213764 0.529449 0.82572 -0.194601 -0.0809418 0.277512 0.957306 
0.578018 0.00426272 3.38102 1.98329 0.699538 0.597777 0.391548 -0.633379 0.772377 -0.0475956 -0.330874 -0.214703 0.918926 
0.683506 1.34445 2.67397 1.84534 0.59211 0.7918 0.149861 -0.803822 0.59352 0.040054 -0.0572306 -0.144178 0.987895 
0.436285 1.5861 1.60415 1.99007 0.563694 0.817527 0.117892 -0.723532 0.55757 -0.406961 -0.398434 0.144103 0.905806 
0.327593 2.12589 1.10789 1.87722 0.502813 0.848327 -0.165892 -0.862292 0.478887 -0.16468 -0.0602596 0.225851 0.972296 
0.648568 1.75965 0.919933 1.86053 0.775323 0.60649 -0.176192 -0.628955 0.716129 -0.302612 -0.0573549 0.345439 0.936687 
0.570889 2.92474 -0.171586 1.84537 0.480007 0.844261 -0.238363 -0.874782 0.481068 -0.0577034 0.0659524 0.236214 0.96946 
0.808053 2.70883 -0.631637 1.87671 0.458762 0.849509 -0.260522 -0.871412 0.487458 0.0550028 0.173719 0.201789 0.9639 
0.235361 2.6016 0.894782 1.97292 0.965486 -0.257434 -0.0395485 0.217677 0.880933 -0.420206 0.143015 0.397095 0.906566 
0.451163 -0.179574 3.29194 1.84155 -0.186623 -0.949163 0.253498 0.982269 -0.184975 0.0305436 0.0178999 0.254703 0.966854 
0.278448 1.54919 2.32247 1.94061 0.0917952 -0.983348 0.156845 0.944918 0.0363246 -0.325285 0.314171 0.178065 0.932518 
0.341547 1.6977 1.754 1.85599 0.168674 -0.980365 -0.102145 0.968531 0.184091 -0.167507 0.183022 -0.0706762 0.980565 
0.433895 1.98373 1.70003 1.95738 0.277473 -0.887959 -0.366794 0.958681 0.230963 0.166093 -0.0627682 -0.397724 0.915355 
0.528942 2.07835 1.32105 1.90966 -0.399848 -0.89777 0.184745 0.841835 -0.439427 -0.313395 0.362539 0.0302139 0.931479 
0.415679 1.48235 -1.68951 2.02728 0.420027 -0.807404 -0.414338 0.811422 0.538591 -0.226968 0.406413 -0.24087 0.881368 
0.406584 1.01974 2.9967 1.88296 -0.986098 0.00846056 0.165952 -0.0322001 -0.989502 -0.140888 0.163018 -0.144273 0.976018 
0.675263 1.46119 -1.69316 1.88023 0.0662817 -0.981266 -0.180897 0.97908 0.0290057 0.2014 -0.19238 -0.190462 0.96266 
0.589663 1.46119 -1.69316 1.88023 0.0662817 -0.981266 -0.180897 0.97908 0.0290057 0.2014 -0.19238 -0.190462 0.96266 
0.823733 3.38077 -0.719204 1.91667 -0.678952 -0.733835 -0.0225901 0.695212 -0.6525 0.301537 -0.236018 0.189024 0.953187 
0.413612 -2.17055 -0.893108 2.04692 0.689836 -0.721515 -0.0595181 0.6563 0.588539 0.472115 -0.30561 -0.364744 0.879525 
0.225288 -2.32989 -0.972674 1.89674 0.844472 -0.491093 0.213764 0.529449 0.82572 -0.194601 -0.0809418 0.277512 0.957306 
0.697465 0.725511 -2.69938 1.94154 -0.833324 -0.359916 -0.41956 0.323562 -0.932974 0.15769 -0.448194 -0.00434704 0.893926 
0.702347 1.34445 2.67397 1.84534 0.59211 0.7918 0.149861 -0.803822 0.59352 0.040054 -0.0572306 -0.144178 0.987895 
0.430146 1.5861 1.60415 1.99007 0.563694 0.817527 0.117892 -0.723532 0.55757 -0.406961 -0.398434 0.144103 0.905806 
0.320365 2.12589 1.10789 1.87722 0.502813 0.848327 -0.165892 -0.862292 0.478887 -0.16468 -0.0602596 0.225851 0.972296 
0.644784 1.75965 0.919933 1.86053 0.775323 0.60649 -0.176192 -0.628955 0.716129 -0.302612 -0.0573549 0.345439 0.936687 
0.5681 2.92474 -0.171586 1.84537 0.480007 0.844261 -0.238363 -0.874782 0.481068 -0.0577034 0.0659524 0.236214 0.96946 
0.807102 2.70883 -0.631637 1.87671 0.458762 0.849509 -0.260522 -0.871412 0.487458 0.0550028 0.173719 0.201789 0.9639 
0.234998 2.6016 0.894782 1.97292 0.965486 -0.257434 -0.0395485 0.217677 0.880933 -0.420206 0.143015 0.397095 0.906566 
0.451163 -0.179574 3.29194 1.84155 -0.186623 -0.949163 0.253498 0.982269 -0.184975 0.0305436 0.0178999 0.254703 0.966854 
0.278448 1.54919 2.32247 1.94061 0.0917952 -0.983348 0.156845 0.944918 0.0363246 -0.325285 0.314171 0.178065 0.932518 
0.341547 1.6977 1.754 1.85599 0.168674 -0.980365 -0.102145 0.968531 0.184091 -0.167507 0.183022 -0.0706762 0.980565 
0.433895 1.98373 1.70003 1.95738 0.277473 -0.887959 -0.366794 0.958681 0.230963 0.166093 -0.0627682 -0.397724 0.915355 
0.528942 2.07835 1.32105 1.90966 -0.399848 -0.89777 0.184745 0.841835 -0.439427 -0.313395 0.362539 0.0302139 0.931479 
0.415679 1.48235 -1.68951 2.02728 0.420027 -0.807404 -0.414338 0.811422 0.538591 -0.226968 0.406413 -0.24087 0.881368 
0.406584 1.01974 2.9967 1.88296 -0.986098 0.00846056 0.165952 -0.0322001 -0.989502 -0.140888 0.163018 -0.144273 0.976018 
0.675263 1.46119 -1.69316 1.88023 0.0662817 -0.981266 -0.180897 0.97908 0.0290057 0.2014 -0.19238 -0.190462 0.96266 
0.589663 1.46119 -1.69316 1.88023 0.0662817 -0.981266 -0.180897 0.97908 0.0290057 0.2014 -0.19238 -0.190462 0.96266 
0.823733 3.38077 -0.719204 1.91667 -0.678952 -0.733835 -0.0225901 0.695212 -0.6525 0.301537 -0.236018 0.189024 0.953187 
0.413612 -2.17055 -0.893108 2.04692 0.689836 -0.721515 -0.0595181 0.6563 0.588539 0.472115 -0.30561 -0.364744 0.879525 
0.225288 -2.32989 -0.972674 1.89674 0.844472 -0.491093 0.213764 0.529449 0.82572 -0.194601 -0.0809418 0.277512 0.957306 
0.697465 0.725511 -2.69938 1.94154 -0.833324 -0.359916 -0.41956 0.323562 -0.932974 0.15769 -0.448194 -0.00434704 0.893926 
0.702347 1.34445 2.67397 1.84534 0.59211 0.7918 0.149861 -0.803822 0.59352 0.040054 -0.0572306 -0.144178 0.987895 
0.430146 1.5861 1.60415 1.99007 0.563694 0.817527 0.117892 -0.723532 0.55757 -0.406961 -0.398434 0.144103 0.905806 
0.320365 2.12589 1.10789 1.87722 0.502813 0.848327 -0.165892 -0.862292 0.478887 -0.16468 -0.0602596 0.225851 0.972296 
0.644784 1.75965 0.919933 1.86053 0.775323 0.60649 -0.176192 -0.628955 0.716129 -0.302612 -0.0573549 0.345439 0.936687 
0.5681 2.92474 -0.171586 1.84537 0.480007 0.844261 -0.238363 -0.874782 0.481068 -0.0577034 0.0659524 0.236214 0.96946 
0.807102 2.70883 -0.631637 1.87671 0.458762 0.849509 -0.260522 -0.871412 0.487458 0.0550028 0.173719 0.201789 0.9639 
0.234998 2.6016 0.894782 1.97292 0.965486 -0.257434 -0.0395485 0.217677 0.880933 -0.420206 0.143015 0.397095 0.906566 
0.451163 -0.179574 3.29194 1.84155 -0.186623 -0.949163 0.253498 0.982269 -0.184975 0.0305436 0.0178999 0.254703 0.966854 
0.278448 1.54919 2.32247 1.94061 0.0917952 -0.983348 0.156845 0.944918 0.0363246 -0.325285 0.314171 0.178065 0.932518 
0.341547 1.6977 1.754 1.85599 0.168674 -0.980365 -0.102145 0.968531 0.184091 -0.167507 0.183022 -0.0706762 0.980565 
0.433895 1.98373 1.70003 1.95738 0.277473 -0.887959 -0.366794 0.958681 0.230963 0.166093 -0.0627682 -0.397724 0.915355 
0.528942 2.07835 1.32105 1.90966 -0.399848 -0.89777 0.184745 0.841835 -0.439427 -0.313395 0.362539 0.0302139 0.931479 
0.415679 1.48235 -1.68951 2.02728 0.420027 -0.807404 -0.414338 0.811422 0.538591 -0.226968 0.406413 -0.24087 0.881368 
0.406584 1.01974 2.9967 1.88296 -0.986098 0.00846056 0.165952 -0.0322001 -0.989502 -0.140888 0.163018 -0.144273 0.976018 
0.675263 1.46119 -1.69316 1.88023 0.0662817 -0.981266 -0.180897 0.97908 0.0290057 0.2014 -0.19238 -0.190462 0.96266 
0.589663 1.46119 -1.69316 1.88023 0.0662817 -0.981266 -0.180897 0.97908 0.0290057 0.2014 -0.19238 -0.190462 0.96266 
0.823733 3.38077 -0.719204 1.91667 -0.678952 -0.733835 -0.0225901 0.695212 -0.6525 0.301537 -0.236018 0.189024 0.953187 
0.413612 -2.17055 -0.893108 2.04692 0.689836 -0.721515 -0.0595181 0.6563 0.588539 0.472115 -0.30561 -0.364744 0.879525 
