1 0 0 0 1 0 0 0 1 3107.65 -788.228 1005.57 
1 0 0 0 1 0 0 0 1 0 0 0 

1 0 0 0 1 0 0 0 1 3107.65 -788.228 1005.57 
1 0 0 0 1 0 0 0 1 0 0 0 

1 0 0 0 1 0 0 0 1 3107.65 -788.227 1005.57 
1 0 0 0 1 0 0 0 1 0 0 0 

1 0 0 0 1 0 0 0 1 3107.65 -788.225 1005.57 
1 0 0 0 1 0 0 0 1 0 0 0 

1 0 0 0 1 0 0 0 1 3107.65 -788.223 1005.57 
1 0 0 0 1 0 0 0 1 0 0 0 

1 0 0 0 1 0 0 0 1 3107.65 -788.221 1005.57 
1 0 0 0 1 0 0 0 1 0 0 0 

1 0 0 0 1 0 0 0 1 3107.65 -788.218 1005.57 
1 0 0 0 1 0 0 0 1 0 0 0 

1 0 0 0 1 0 0 0 1 3107.65 -788.214 1005.57 
1 0 0 0 1 0 0 0 1 0 0 0 

1 0 0 0 1 0 0 0 1 3107.65 -788.21 1005.57 
1 0 0 0 1 0 0 0 1 0 0 0 

1 0 0 0 1 0 0 0 1 3107.65 -788.205 1005.57 
1 0 0 0 1 0 0 0 1 0 0 0 

1 0 0 0 1 0 0 0 1 3107.65 -788.2 1005.57 
1 0 0 0 1 0 0 0 1 0 0 0 

1 0 0 0 1 0 0 0 1 3107.65 -788.194 1005.57 
1 0 0 0 1 0 0 0 1 0 0 0 

1 0 0 0 1 0 0 0 1 3107.65 -788.188 1005.57 
1 0 0 0 1 0 0 0 1 0 0 0 

1 0 0 0 1 0 0 0 1 3107.65 -788.182 1005.57 
1 0 0 0 1 0 0 0 1 0 0 0 

1 0 0 0 1 0 0 0 1 3107.65 -788.175 1005.57 
1 0 0 0 1 0 0 0 1 0 0 0 

1 0 0 0 1 0 0 0 1 3107.65 -788.167 1005.57 
1 0 0 0 1 0 0 0 1 0 0 0 

1 0 0 0 1 0 0 0 1 3107.65 -788.159 1005.57 
1 0 0 0 1 0 0 0 1 0 0 0 

1 0 0 0 1 0 0 0 1 3107.65 -788.151 1005.57 
1 0 0 0 1 0 0 0 1 0 0 0 

1 0 0 0 1 0 0 0 1 3107.65 -788.142 1005.57 
1 0 0 0 1 0 0 0 1 0 0 0 

1 0 0 0 1 0 0 0 1 3107.65 -788.133 1005.57 
1 0 0 0 1 0 0 0 1 0 0 0 

1 0 0 0 1 0 0 0 1 3107.65 -788.124 1005.57 
1 0 0 0 1 0 0 0 1 0 0 0 

1 0 0 0 1 0 0 0 1 3107.65 -788.114 1005.57 
1 0 0 0 1 0 0 0 1 0 0 0 

1 0 0 0 1 0 0 0 1 3107.65 -788.104 1005.57 
1 0 0 0 1 0 0 0 1 0 0 0 

1 0 0 0 1 0 0 0 1 3107.65 -788.094 1005.57 
1 0 0 0 1 0 0 0 1 0 0 0 

1 0 0 0 1 0 0 0 1 3107.65 -788.083 1005.57 
1 0 0 0 1 0 0 0 1 0 0 0 

1 0 0 0 1 0 0 0 1 3107.65 -788.072 1005.57 
1 0 0 0 1 0 0 0 1 0 0 0 

1 0 0 0 1 0 0 0 1 3107.65 -788.06 1005.57 
1 0 0 0 1 0 0 0 1 0 0 0 

1 0 0 0 1 0 0 0 1 3107.65 -788.049 1005.57 
1 0 0 0 1 0 0 0 1 0 0 0 

1 0 0 0 1 0 0 0 1 3107.65 -788.037 1005.57 
1 0 0 0 1 0 0 0 1 0 0 0 

1 0 0 0 1 0 0 0 1 3107.65 -788.024 1005.57 
1 0 0 0 1 0 0 0 1 0 0 0 

1 0 0 0 1 0 0 0 1 3107.65 -788.012 1005.57 
1 0 0 0 1 0 0 0 1 0 0 0 

1 0 0 0 1 0 0 0 1 3107.65 -787.999 1005.57 
1 0 0 0 1 0 0 0 1 0 0 0 

1 0 0 0 1 0 0 0 1 3107.65 -787.986 1005.57 
1 0 0 0 1 0 0 0 1 0 0 0 

1 0 0 0 1 0 0 0 1 3107.65 -787.973 1005.57 
1 0 0 0 1 0 0 0 1 0 0 0 

1 0 0 0 1 0 0 0 1 3107.65 -787.96 1005.57 
1 0 0 0 1 0 0 0 1 0 0 0 

1 0 0 0 1 0 0 0 1 3107.65 -787.946 1005.57 
1 0 0 0 1 0 0 0 1 0 0 0 

1 0 0 0 1 0 0 0 1 3107.65 -787.933 1005.57 
1 0 0 0 1 0 0 0 1 0 0 0 

1 0 0 0 1 0 0 0 1 3107.65 -787.919 1005.57 
1 0 0 0 1 0 0 0 1 0 0 0 

1 0 0 0 1 0 0 0 1 3107.65 -787.905 1005.57 
1 0 0 0 1 0 0 0 1 0 0 0 

1 0 0 0 1 0 0 0 1 3107.65 -787.89 1005.57 
1 0 0 0 1 0 0 0 1 0 0 0 

1 0 0 0 1 0 0 0 1 3107.65 -787.876 1005.57 
1 0 0 0 1 0 0 0 1 0 0 0 

1 0 0 0 1 0 0 0 1 3107.65 -787.862 1005.57 
1 0 0 0 1 0 0 0 1 0 0 0 

1 0 0 0 1 0 0 0 1 3107.65 -787.847 1005.57 
1 0 0 0 1 0 0 0 1 0 0 0 

1 0 0 0 1 0 0 0 1 3107.65 -787.832 1005.57 
1 0 0 0 1 0 0 0 1 0 0 0 

1 0 0 0 1 0 0 0 1 3107.65 -787.818 1005.57 
1 0 0 0 1 0 0 0 1 0 0 0 

1 0 0 0 1 0 0 0 1 3107.65 -787.803 1005.57 
1 0 0 0 1 0 0 0 1 0 0 0 

1 0 0 0 1 0 0 0 1 3107.65 -787.788 1005.57 
1 0 0 0 1 0 0 0 1 0 0 0 

1 0 0 0 1 0 0 0 1 3107.65 -787.773 1005.57 
1 0 0 0 1 0 0 0 1 0 0 0 

1 0 0 0 1 0 0 0 1 3107.65 -787.758 1005.57 
1 0 0 0 1 0 0 0 1 0 0 0 

1 0 0 0 1 0 0 0 1 3107.65 -787.743 1005.57 
1 0 0 0 1 0 0 0 1 0 0 0 

1 0 0 0 1 0 0 0 1 3107.65 -787.728 1005.57 
1 0 0 0 1 0 0 0 1 0 0 0 

1 0 0 0 1 0 0 0 1 3107.65 -787.713 1005.57 
1 0 0 0 1 0 0 0 1 0 0 0 

1 0 0 0 1 0 0 0 1 3107.65 -787.698 1005.57 
1 0 0 0 1 0 0 0 1 0 0 0 

1 0 0 0 1 0 0 0 1 3107.65 -787.683 1005.57 
1 0 0 0 1 0 0 0 1 0 0 0 

1 0 0 0 1 0 0 0 1 3107.65 -787.668 1005.57 
1 0 0 0 1 0 0 0 1 0 0 0 

1 0 0 0 1 0 0 0 1 3107.65 -787.653 1005.57 
1 0 0 0 1 0 0 0 1 0 0 0 

1 0 0 0 1 0 0 0 1 3107.65 -787.638 1005.57 
1 0 0 0 1 0 0 0 1 0 0 0 

1 0 0 0 1 0 0 0 1 3107.65 -787.624 1005.57 
1 0 0 0 1 0 0 0 1 0 0 0 

1 0 0 0 1 0 0 0 1 3107.65 -787.609 1005.57 
1 0 0 0 1 0 0 0 1 0 0 0 

1 0 0 0 1 0 0 0 1 3107.65 -787.594 1005.57 
1 0 0 0 1 0 0 0 1 0 0 0 

1 0 0 0 1 0 0 0 1 3107.65 -787.58 1005.57 
1 0 0 0 1 0 0 0 1 0 0 0 

1 0 0 0 1 0 0 0 1 3107.65 -787.566 1005.57 
1 0 0 0 1 0 0 0 1 0 0 0 

1 0 0 0 1 0 0 0 1 3107.65 -787.551 1005.57 
1 0 0 0 1 0 0 0 1 0 0 0 

1 0 0 0 1 0 0 0 1 3107.65 -787.537 1005.57 
1 0 0 0 1 0 0 0 1 0 0 0 

1 0 0 0 1 0 0 0 1 3107.65 -787.523 1005.57 
1 0 0 0 1 0 0 0 1 0 0 0 

1 0 0 0 1 0 0 0 1 3107.65 -787.51 1005.57 
1 0 0 0 1 0 0 0 1 0 0 0 

1 0 0 0 1 0 0 0 1 3107.65 -787.496 1005.57 
1 0 0 0 1 0 0 0 1 0 0 0 

1 0 0 0 1 0 0 0 1 3107.65 -787.483 1005.57 
1 0 0 0 1 0 0 0 1 0 0 0 

1 0 0 0 1 0 0 0 1 3107.65 -787.47 1005.57 
1 0 0 0 1 0 0 0 1 0 0 0 

1 0 0 0 1 0 0 0 1 3107.65 -787.457 1005.57 
1 0 0 0 1 0 0 0 1 0 0 0 

1 0 0 0 1 0 0 0 1 3107.65 -787.444 1005.57 
1 0 0 0 1 0 0 0 1 0 0 0 

1 0 0 0 1 0 0 0 1 3107.65 -787.432 1005.57 
1 0 0 0 1 0 0 0 1 0 0 0 

1 0 0 0 1 0 0 0 1 3107.65 -787.419 1005.57 
1 0 0 0 1 0 0 0 1 0 0 0 

1 0 0 0 1 0 0 0 1 3107.65 -787.407 1005.57 
1 0 0 0 1 0 0 0 1 0 0 0 

1 0 0 0 1 0 0 0 1 3107.65 -787.396 1005.57 
1 0 0 0 1 0 0 0 1 0 0 0 

1 0 0 0 1 0 0 0 1 3107.65 -787.384 1005.57 
1 0 0 0 1 0 0 0 1 0 0 0 

1 0 0 0 1 0 0 0 1 3107.65 -787.373 1005.57 
1 0 0 0 1 0 0 0 1 0 0 0 

1 0 0 0 1 0 0 0 1 3107.65 -787.362 1005.57 
1 0 0 0 1 0 0 0 1 0 0 0 

1 0 0 0 1 0 0 0 1 3107.65 -787.352 1005.57 
1 0 0 0 1 0 0 0 1 0 0 0 

1 0 0 0 1 0 0 0 1 3107.65 -787.342 1005.57 
1 0 0 0 1 0 0 0 1 0 0 0 

1 0 0 0 1 0 0 0 1 3107.65 -787.332 1005.57 
1 0 0 0 1 0 0 0 1 0 0 0 

1 0 0 0 1 0 0 0 1 3107.65 -787.323 1005.57 
1 0 0 0 1 0 0 0 1 0 0 0 

1 0 0 0 1 0 0 0 1 3107.65 -787.314 1005.57 
1 0 0 0 1 0 0 0 1 0 0 0 

1 0 0 0 1 0 0 0 1 3107.65 -787.305 1005.57 
1 0 0 0 1 0 0 0 1 0 0 0 

1 0 0 0 1 0 0 0 1 3107.65 -787.297 1005.57 
1 0 0 0 1 0 0 0 1 0 0 0 

1 0 0 0 1 0 0 0 1 3107.65 -787.289 1005.57 
1 0 0 0 1 0 0 0 1 0 0 0 

1 0 0 0 1 0 0 0 1 3107.65 -787.281 1005.57 
1 0 0 0 1 0 0 0 1 0 0 0 

1 0 0 0 1 0 0 0 1 3107.65 -787.274 1005.57 
1 0 0 0 1 0 0 0 1 0 0 0 

1 0 0 0 1 0 0 0 1 3107.65 -787.268 1005.57 
1 0 0 0 1 0 0 0 1 0 0 0 

1 0 0 0 1 0 0 0 1 3107.65 -787.262 1005.57 
1 0 0 0 1 0 0 0 1 0 0 0 

1 0 0 0 1 0 0 0 1 3107.65 -787.256 1005.57 
1 0 0 0 1 0 0 0 1 0 0 0 

1 0 0 0 1 0 0 0 1 3107.65 -787.251 1005.57 
1 0 0 0 1 0 0 0 1 0 0 0 

1 0 0 0 1 0 0 0 1 3107.65 -787.246 1005.57 
1 0 0 0 1 0 0 0 1 0 0 0 

1 0 0 0 1 0 0 0 1 3107.65 -787.242 1005.57 
1 0 0 0 1 0 0 0 1 0 0 0 

1 0 0 0 1 0 0 0 1 3107.65 -787.238 1005.57 
1 0 0 0 1 0 0 0 1 0 0 0 

1 0 0 0 1 0 0 0 1 3107.65 -787.235 1005.57 
1 0 0 0 1 0 0 0 1 0 0 0 

1 0 0 0 1 0 0 0 1 3107.65 -787.233 1005.57 
1 0 0 0 1 0 0 0 1 0 0 0 

1 0 0 0 1 0 0 0 1 3107.65 -787.231 1005.57 
1 0 0 0 1 0 0 0 1 0 0 0 

1 0 0 0 1 0 0 0 1 3107.65 -787.229 1005.57 
1 0 0 0 1 0 0 0 1 0 0 0 

1 0 0 0 1 0 0 0 1 3107.65 -787.228 1005.57 
1 0 0 0 1 0 0 0 1 0 0 0 

1 0 0 0 1 0 0 0 1 3107.65 -787.228 1005.57 
1 0 0 0 1 0 0 0 1 0 0 0 

1 0 0 0 1 0 0 0 1 3107.65 -787.228 1005.57 
1 0 0 0 1 0 0 0 1 0 0 0 

1 0 0 0 1 0 0 0 1 3107.65 -787.228 1005.57 
1 0 0 0 1 0 0 0 1 0 0 0 

1 0 0 0 1 0 0 0 1 3107.65 -787.228 1005.57 
1 0 0 0 1 0 0 0 1 0 0 0 

1 0 0 0 1 0 0 0 1 3107.65 -787.228 1005.57 
1 0 0 0 1 0 0 0 1 0 0 0 

1 0 0 0 1 0 0 0 1 3107.65 -787.228 1005.57 
1 0 0 0 1 0 0 0 1 0 0 0 

1 0 0 0 1 0 0 0 1 3107.65 -787.228 1005.57 
1 0 0 0 1 0 0 0 1 0 0 0 

1 0 0 0 1 0 0 0 1 3107.65 -787.228 1005.57 
1 0 0 0 1 0 0 0 1 0 0 0 

1 0 0 0 1 0 0 0 1 3107.65 -787.228 1005.57 
1 0 0 0 1 0 0 0 1 0 0 0 

1 0 0 0 1 0 0 0 1 3107.65 -787.228 1005.57 
1 0 0 0 1 0 0 0 1 0 0 0 

1 0 0 0 1 0 0 0 1 3107.65 -787.228 1005.57 
1 0 0 0 1 0 0 0 1 0 0 0 

1 0 -0 0 1 0 0 0 1 3107.65 -787.228 1005.57 
1 0 0 0 1 0 0 0 1 0 0 0 

1 0 -1e-06 0 1 0 1e-06 0 1 3107.65 -787.228 1005.57 
1 0 0 0 1 0 0 0 1 0 0 0 

1 0 -2e-06 0 1 0 2e-06 0 1 3107.65 -787.228 1005.57 
1 0 0 0 1 0 0 0 1 0 0 0 

1 0 -4e-06 0 1 0 4e-06 0 1 3107.65 -787.228 1005.57 
1 0 0 0 1 0 0 0 1 0 0 0 

1 0 -8e-06 0 1 0 8e-06 0 1 3107.65 -787.228 1005.57 
1 0 0 0 1 0 0 0 1 0 0 0 

1 0 -1.4e-05 0 1 0 1.4e-05 0 1 3107.65 -787.228 1005.57 
1 0 0 0 1 0 0 0 1 0 0 0 

1 0 -2.2e-05 0 1 0 2.2e-05 0 1 3107.65 -787.228 1005.57 
1 0 0 0 1 0 0 0 1 0 0 0 

1 0 -3.3e-05 0 1 0 3.3e-05 0 1 3107.65 -787.228 1005.57 
1 0 0 0 1 0 0 0 1 0 0 0 

1 0 -4.7e-05 0 1 0 4.7e-05 0 1 3107.65 -787.228 1005.57 
1 0 0 0 1 0 0 0 1 0 0 0 

1 0 -6.5e-05 0 1 0 6.5e-05 0 1 3107.65 -787.228 1005.57 
1 0 0 0 1 0 0 0 1 0 0 0 

1 0 -8.6e-05 0 1 0 8.6e-05 0 1 3107.65 -787.228 1005.57 
1 0 0 0 1 0 0 0 1 0 0 0 

1 0 -0.000112 0 1 0 0.000112 0 1 3107.65 -787.228 1005.57 
1 0 0 0 1 0 0 0 1 0 0 0 

1 0 -0.000142 0 1 0 0.000142 0 1 3107.65 -787.228 1005.57 
1 0 0 0 1 0 0 0 1 0 0 0 

1 0 -0.000177 0 1 0 0.000177 0 1 3107.65 -787.228 1005.57 
1 0 0 0 1 0 0 0 1 0 0 0 

1 0 -0.000218 0 1 0 0.000218 0 1 3107.65 -787.228 1005.57 
1 0 0 0 1 0 0 0 1 0 0 0 

1 0 -0.000264 0 1 0 0.000264 0 1 3107.65 -787.228 1005.57 
1 0 0 0 1 0 0 0 1 0 0 0 

1 0 -0.000316 0 1 0 0.000316 0 1 3107.65 -787.228 1005.57 
1 0 0 0 1 0 0 0 1 0 0 0 

1 0 -0.000375 0 1 0 0.000375 0 1 3107.65 -787.228 1005.57 
1 0 0 0 1 0 0 0 1 0 0 0 

1 0 -0.00044 0 1 0 0.00044 0 1 3107.65 -787.228 1005.57 
1 0 0 0 1 0 0 0 1 0 0 0 

1 0 -0.000512 0 1 0 0.000512 0 1 3107.65 -787.228 1005.57 
1 0 0 0 1 0 0 0 1 0 0 0 

1 0 -0.000592 0 1 0 0.000592 0 1 3107.65 -787.228 1005.57 
1 0 0 0 1 0 0 0 1 0 0 0 

1 0 -0.00068 0 1 0 0.00068 0 1 3107.65 -787.228 1005.57 
1 0 0 0 1 0 0 0 1 0 0 0 

1 0 -0.000776 0 1 0 0.000776 0 1 3107.65 -787.228 1005.57 
1 0 0 0 1 0 0 0 1 0 0 0 

1 0 -0.000881 0 1 0 0.000881 0 1 3107.65 -787.228 1005.57 
1 0 0 0 1 0 0 0 1 0 0 0 

1 0 -0.000994 0 1 0 0.000994 0 1 3107.65 -787.228 1005.57 
1 0 0 0 1 0 0 0 1 0 0 0 

0.999999 0 -0.001117 0 1 0 0.001117 0 0.999999 3107.65 -787.228 1005.57 
1 0 0 0 1 0 0 0 1 0 0 0 

0.999999 0 -0.001249 0 1 0 0.001249 0 0.999999 3107.65 -787.228 1005.57 
1 0 0 0 1 0 0 0 1 0 0 0 

0.999999 0 -0.001391 0 1 0 0.001391 0 0.999999 3107.65 -787.228 1005.57 
1 0 0 0 1 0 0 0 1 0 0 0 

0.999999 0 -0.001544 0 1 0 0.001544 0 0.999999 3107.65 -787.228 1005.57 
1 0 0 0 1 0 0 0 1 0 0 0 

0.999999 0 -0.001707 0 1 0 0.001707 0 0.999999 3107.65 -787.228 1005.57 
1 0 0 0 1 0 0 0 1 0 0 0 

0.999998 0 -0.001881 0 1 0 0.001881 0 0.999998 3107.65 -787.228 1005.57 
1 0 0 0 1 0 0 0 1 0 0 0 

0.999998 0 -0.002066 0 1 0 0.002066 0 0.999998 3107.65 -787.228 1005.57 
1 0 0 0 1 0 0 0 1 0 0 0 

0.999997 0 -0.002263 0 1 0 0.002263 0 0.999997 3107.65 -787.228 1005.57 
1 0 0 0 1 0 0 0 1 0 0 0 

0.999997 0 -0.002471 0 1 0 0.002471 0 0.999997 3107.65 -787.228 1005.57 
1 0 0 0 1 0 0 0 1 0 0 0 

0.999996 0 -0.002692 0 1 0 0.002692 0 0.999996 3107.65 -787.228 1005.57 
1 0 0 0 1 0 0 0 1 0 0 0 

0.999996 0 -0.002926 0 1 0 0.002926 0 0.999996 3107.65 -787.228 1005.57 
1 0 0 0 1 0 0 0 1 0 0 0 

0.999995 0 -0.003172 0 1 0 0.003172 0 0.999995 3107.65 -787.228 1005.57 
1 0 0 0 1 0 0 0 1 0 0 0 

0.999994 0 -0.003432 0 1 0 0.003432 0 0.999994 3107.65 -787.228 1005.57 
1 0 0 0 1 0 0 0 1 0 0 0 

0.999993 0 -0.003705 0 1 0 0.003705 0 0.999993 3107.65 -787.228 1005.57 
1 0 0 0 1 0 0 0 1 0 0 0 

0.999992 0 -0.003992 0 1 0 0.003992 0 0.999992 3107.65 -787.228 1005.57 
1 0 0 0 1 0 0 0 1 0 0 0 

0.999991 0 -0.004293 0 1 0 0.004293 0 0.999991 3107.65 -787.228 1005.57 
1 0 0 0 1 0 0 0 1 0 0 0 

0.999989 0 -0.004609 0 1 0 0.004609 0 0.999989 3107.65 -787.228 1005.57 
1 0 0 0 1 0 0 0 1 0 0 0 

0.999988 0 -0.004939 0 1 0 0.004939 0 0.999988 3107.65 -787.228 1005.57 
1 0 0 0 1 0 0 0 1 0 0 0 

0.999986 0 -0.005285 0 1 0 0.005285 0 0.999986 3107.65 -787.228 1005.57 
1 0 0 0 1 0 0 0 1 0 0 0 

0.999984 0 -0.005645 0 1 0 0.005645 0 0.999984 3107.65 -787.228 1005.57 
1 0 0 0 1 0 0 0 1 0 0 0 

0.999982 0 -0.006022 0 1 0 0.006022 0 0.999982 3107.65 -787.228 1005.57 
1 0 0 0 1 0 0 0 1 0 0 0 

0.999979 0 -0.006415 0 1 0 0.006415 0 0.999979 3107.65 -787.228 1005.57 
1 0 0 0 1 0 0 0 1 0 0 0 

0.999977 0 -0.006824 0 1 0 0.006824 0 0.999977 3107.65 -787.228 1005.57 
1 0 0 0 1 0 0 0 1 0 0 0 

0.999974 0 -0.007249 0 1 0 0.007249 0 0.999974 3107.65 -787.228 1005.57 
1 0 0 0 1 0 0 0 1 0 0 0 

0.99997 0 -0.007691 0 1 0 0.007691 0 0.99997 3107.65 -787.228 1005.57 
1 0 0 0 1 0 0 0 1 0 0 0 

0.999967 0 -0.008151 0 1 0 0.008151 0 0.999967 3107.65 -787.228 1005.57 
1 0 0 0 1 0 0 0 1 0 0 0 

0.999963 0 -0.008628 0 1 0 0.008628 0 0.999963 3107.65 -787.228 1005.57 
1 0 0 0 1 0 0 0 1 0 0 0 

0.999958 0 -0.009123 0 1 0 0.009123 0 0.999958 3107.65 -787.228 1005.57 
1 0 0 0 1 0 0 0 1 0 0 0 

0.999954 0 -0.009636 0 1 0 0.009636 0 0.999954 3107.65 -787.228 1005.57 
1 0 0 0 1 0 0 0 1 0 0 0 

0.999948 0 -0.010167 0 1 0 0.010167 0 0.999948 3107.65 -787.228 1005.57 
1 0 0 0 1 0 0 0 1 0 0 0 

0.999943 0 -0.010717 0 1 0 0.010717 0 0.999943 3107.65 -787.228 1005.57 
1 0 0 0 1 0 0 0 1 0 0 0 

0.999936 0 -0.011286 0 1 0 0.011286 0 0.999936 3107.65 -787.228 1005.57 
1 0 0 0 1 0 0 0 1 0 0 0 

0.99993 0 -0.011874 0 1 0 0.011874 0 0.99993 3107.65 -787.228 1005.57 
1 0 0 0 1 0 0 0 1 0 0 0 

0.999922 0 -0.012481 0 1 0 0.012481 0 0.999922 3107.65 -787.228 1005.57 
1 0 0 0 1 0 0 0 1 0 0 0 

0.999914 0 -0.013108 0 1 0 0.013108 0 0.999914 3107.65 -787.228 1005.57 
1 0 0 0 1 0 0 0 1 0 0 0 

0.999905 0 -0.013756 0 1 0 0.013756 0 0.999905 3107.65 -787.228 1005.57 
1 0 0 0 1 0 0 0 1 0 0 0 

0.999896 0 -0.014423 0 1 0 0.014423 0 0.999896 3107.65 -787.228 1005.57 
1 0 0 0 1 0 0 0 1 0 0 0 

0.999886 0 -0.015111 0 1 0 0.015111 0 0.999886 3107.65 -787.228 1005.57 
1 0 0 0 1 0 0 0 1 0 0 0 

0.999875 0 -0.01582 0 1 0 0.01582 0 0.999875 3107.65 -787.228 1005.57 
1 0 0 0 1 0 0 0 1 0 0 0 

0.999863 0 -0.01655 0 1 0 0.01655 0 0.999863 3107.65 -787.228 1005.57 
1 0 0 0 1 0 0 0 1 0 0 0 

0.99985 0 -0.017302 0 1 0 0.017302 0 0.99985 3107.65 -787.228 1005.57 
1 0 0 0 1 0 0 0 1 0 0 0 

0.999837 0 -0.018075 0 1 0 0.018075 0 0.999837 3107.65 -787.228 1005.57 
1 0 0 0 1 0 0 0 1 0 0 0 

0.999822 0 -0.018869 0 1 0 0.018869 0 0.999822 3107.65 -787.228 1005.57 
1 0 0 0 1 0 0 0 1 0 0 0 

0.999806 0 -0.019686 0 1 0 0.019686 0 0.999806 3107.65 -787.228 1005.57 
1 0 0 0 1 0 0 0 1 0 0 0 

0.999789 0 -0.020526 0 1 0 0.020526 0 0.999789 3107.65 -787.228 1005.57 
1 0 0 0 1 0 0 0 1 0 0 0 

0.999771 0 -0.021388 0 1 0 0.021388 0 0.999771 3107.65 -787.228 1005.57 
1 0 0 0 1 0 0 0 1 0 0 0 

0.999752 0 -0.022273 0 1 0 0.022273 0 0.999752 3107.65 -787.228 1005.57 
1 0 0 0 1 0 0 0 1 0 0 0 

0.999731 0 -0.023181 0 1 0 0.023181 0 0.999731 3107.65 -787.228 1005.57 
1 0 0 0 1 0 0 0 1 0 0 0 

0.999709 0 -0.024112 0 1 0 0.024112 0 0.999709 3107.65 -787.228 1005.57 
1 0 0 0 1 0 0 0 1 0 0 0 

0.999686 0 -0.025067 0 1 0 0.025067 0 0.999686 3107.65 -787.228 1005.57 
1 0 0 0 1 0 0 0 1 0 0 0 

0.999661 0 -0.026046 0 1 0 0.026046 0 0.999661 3107.65 -787.228 1005.57 
1 0 0 0 1 0 0 0 1 0 0 0 

0.999634 0 -0.027049 0 1 0 0.027049 0 0.999634 3107.65 -787.228 1005.57 
1 0 0 0 1 0 0 0 1 0 0 0 

0.999606 0 -0.028076 0 1 0 0.028076 0 0.999606 3107.65 -787.228 1005.57 
1 0 0 0 1 0 0 0 1 0 0 0 

0.999576 0 -0.029128 0 1 0 0.029128 0 0.999576 3107.65 -787.228 1005.57 
1 0 0 0 1 0 0 0 1 0 0 0 

0.999544 0 -0.030205 0 1 0 0.030205 0 0.999544 3107.65 -787.228 1005.57 
1 0 0 0 1 0 0 0 1 0 0 0 

0.99951 0 -0.031307 0 1 0 0.031307 0 0.99951 3107.65 -787.228 1005.57 
1 0 0 0 1 0 0 0 1 0 0 0 

0.999474 0 -0.032434 0 1 0 0.032434 0 0.999474 3107.65 -787.228 1005.57 
1 0 0 0 1 0 0 0 1 0 0 0 

0.999436 0 -0.033586 0 1 0 0.033586 0 0.999436 3107.65 -787.228 1005.57 
1 0 0 0 1 0 0 0 1 0 0 0 

0.999396 0 -0.034764 0 1 0 0.034764 0 0.999396 3107.65 -787.228 1005.57 
1 0 0 0 1 0 0 0 1 0 0 0 

0.999353 0 -0.035969 0 1 0 0.035969 0 0.999353 3107.65 -787.228 1005.57 
1 0 0 0 1 0 0 0 1 0 0 0 

0.999308 0 -0.037199 0 1 0 0.037199 0 0.999308 3107.65 -787.228 1005.57 
1 0 0 0 1 0 0 0 1 0 0 0 

0.99926 0 -0.038456 0 1 0 0.038456 0 0.99926 3107.65 -787.228 1005.57 
1 0 0 0 1 0 0 0 1 0 0 0 

0.99921 0 -0.039739 0 1 0 0.039739 0 0.99921 3107.65 -787.228 1005.57 
1 0 0 0 1 0 0 0 1 0 0 0 

0.999157 0 -0.041049 0 1 0 0.041049 0 0.999157 3107.65 -787.228 1005.57 
1 0 0 0 1 0 0 0 1 0 0 0 

0.999101 0 -0.042386 0 1 0 0.042386 0 0.999101 3107.65 -787.228 1005.57 
1 0 0 0 1 0 0 0 1 0 0 0 

0.999042 0 -0.04375 0 1 0 0.04375 0 0.999042 3107.65 -787.228 1005.57 
1 0 0 0 1 0 0 0 1 0 0 0 

0.998981 0 -0.045142 0 1 0 0.045142 0 0.998981 3107.65 -787.228 1005.57 
1 0 0 0 1 0 0 0 1 0 0 0 

0.998915 0 -0.046561 0 1 0 0.046561 0 0.998915 3107.65 -787.228 1005.57 
1 0 0 0 1 0 0 0 1 0 0 0 

0.998847 0 -0.048008 0 1 0 0.048008 0 0.998847 3107.65 -787.228 1005.57 
1 0 0 0 1 0 0 0 1 0 0 0 

0.998775 0 -0.049483 0 1 0 0.049483 0 0.998775 3107.65 -787.228 1005.57 
1 0 0 0 1 0 0 0 1 0 0 0 

0.998699 0 -0.050987 0 1 0 0.050987 0 0.998699 3107.65 -787.228 1005.57 
1 0 0 0 1 0 0 0 1 0 0 0 

0.99862 0 -0.052518 0 1 0 0.052518 0 0.99862 3107.65 -787.228 1005.57 
1 0 0 0 1 0 0 0 1 0 0 0 

0.998537 0 -0.054079 0 1 0 0.054079 0 0.998537 3107.65 -787.228 1005.57 
1 0 0 0 1 0 0 0 1 0 0 0 

0.998449 0 -0.055668 0 1 0 0.055668 0 0.998449 3107.65 -787.228 1005.57 
1 0 0 0 1 0 0 0 1 0 0 0 

0.998358 0 -0.057286 0 1 0 0.057286 0 0.998358 3107.65 -787.228 1005.57 
1 0 0 0 1 0 0 0 1 0 0 0 

0.998262 0 -0.058933 0 1 0 0.058933 0 0.998262 3107.65 -787.228 1005.57 
1 0 0 0 1 0 0 0 1 0 0 0 

0.998162 0 -0.060609 0 1 0 0.060609 0 0.998162 3107.65 -787.228 1005.57 
1 0 0 0 1 0 0 0 1 0 0 0 

0.998057 0 -0.062315 0 1 0 0.062315 0 0.998057 3107.65 -787.228 1005.57 
1 0 0 0 1 0 0 0 1 0 0 0 

0.997947 0 -0.064051 0 1 0 0.064051 0 0.997947 3107.65 -787.228 1005.57 
1 0 0 0 1 0 0 0 1 0 0 0 

0.997832 0 -0.065816 0 1 0 0.065816 0 0.997832 3107.65 -787.228 1005.57 
1 0 0 0 1 0 0 0 1 0 0 0 

0.997712 0 -0.067612 0 1 0 0.067612 0 0.997712 3107.65 -787.228 1005.57 
1 0 0 0 1 0 0 0 1 0 0 0 

0.997586 0 -0.069437 0 1 0 0.069437 0 0.997586 3107.65 -787.228 1005.57 
1 0 0 0 1 0 0 0 1 0 0 0 

0.997455 0 -0.071293 0 1 0 0.071293 0 0.997455 3107.65 -787.228 1005.57 
1 0 0 0 1 0 0 0 1 0 0 0 

0.997319 0 -0.07318 0 1 0 0.07318 0 0.997319 3107.65 -787.228 1005.57 
1 0 0 0 1 0 0 0 1 0 0 0 

0.997176 0 -0.075097 0 1 0 0.075097 0 0.997176 3107.65 -787.228 1005.57 
1 0 0 0 1 0 0 0 1 0 0 0 

0.997028 0 -0.077044 0 1 0 0.077044 0 0.997028 3107.65 -787.228 1005.57 
1 0 0 0 1 0 0 0 1 0 0 0 

0.996873 0 -0.079023 0 1 0 0.079023 0 0.996873 3107.65 -787.228 1005.57 
1 0 0 0 1 0 0 0 1 0 0 0 

0.996711 0 -0.081033 0 1 0 0.081033 0 0.996711 3107.65 -787.228 1005.57 
1 0 0 0 1 0 0 0 1 0 0 0 

0.996543 0 -0.083074 0 1 0 0.083074 0 0.996543 3107.65 -787.228 1005.57 
1 0 0 0 1 0 0 0 1 0 0 0 

0.996368 0 -0.085146 0 1 0 0.085146 0 0.996368 3107.65 -787.228 1005.57 
1 0 0 0 1 0 0 0 1 0 0 0 

0.996186 0 -0.08725 0 1 0 0.08725 0 0.996186 3107.65 -787.228 1005.57 
1 0 0 0 1 0 0 0 1 0 0 0 

0.995997 0 -0.089386 0 1 0 0.089386 0 0.995997 3107.65 -787.228 1005.57 
1 0 0 0 1 0 0 0 1 0 0 0 

0.9958 0 -0.091553 0 1 0 0.091553 0 0.9958 3107.65 -787.228 1005.57 
1 0 0 0 1 0 0 0 1 0 0 0 

0.995596 0 -0.093752 0 1 0 0.093752 0 0.995596 3107.65 -787.228 1005.57 
1 0 0 0 1 0 0 0 1 0 0 0 

0.995383 0 -0.095983 0 1 0 0.095983 0 0.995383 3107.65 -787.228 1005.57 
1 0 0 0 1 0 0 0 1 0 0 0 

0.995162 0 -0.098246 0 1 0 0.098246 0 0.995162 3107.65 -787.228 1005.57 
1 0 0 0 1 0 0 0 1 0 0 0 

0.994933 0 -0.100542 0 1 0 0.100542 0 0.994933 3107.65 -787.228 1005.57 
1 0 0 0 1 0 0 0 1 0 0 0 

0.994695 0 -0.10287 0 1 0 0.10287 0 0.994695 3107.65 -787.228 1005.57 
1 0 0 0 1 0 0 0 1 0 0 0 

0.994448 0 -0.10523 0 1 0 0.10523 0 0.994448 3107.65 -787.228 1005.57 
1 0 0 0 1 0 0 0 1 0 0 0 

0.994192 0 -0.107623 0 1 0 0.107623 0 0.994192 3107.65 -787.228 1005.57 
1 0 0 0 1 0 0 0 1 0 0 0 

0.993926 0 -0.110049 0 1 0 0.110049 0 0.993926 3107.65 -787.228 1005.57 
1 0 0 0 1 0 0 0 1 0 0 0 

0.993651 0 -0.112507 0 1 0 0.112507 0 0.993651 3107.65 -787.228 1005.57 
1 0 0 0 1 0 0 0 1 0 0 0 

0.993366 0 -0.114998 0 1 0 0.114998 0 0.993366 3107.65 -787.228 1005.57 
1 0 0 0 1 0 0 0 1 0 0 0 

0.99307 0 -0.117523 0 1 0 0.117523 0 0.99307 3107.65 -787.228 1005.57 
1 0 0 0 1 0 0 0 1 0 0 0 

0.992764 0 -0.12008 0 1 0 0.12008 0 0.992764 3107.65 -787.228 1005.57 
1 0 0 0 1 0 0 0 1 0 0 0 

0.992447 0 -0.12267 0 1 0 0.12267 0 0.992447 3107.65 -787.228 1005.57 
1 0 0 0 1 0 0 0 1 0 0 0 

0.99212 0 -0.125294 0 1 0 0.125294 0 0.99212 3107.65 -787.228 1005.57 
1 0 0 0 1 0 0 0 1 0 0 0 

0.991781 0 -0.127951 0 1 0 0.127951 0 0.991781 3107.65 -787.228 1005.57 
1 0 0 0 1 0 0 0 1 0 0 0 

0.99143 0 -0.130641 0 1 0 0.130641 0 0.99143 3107.65 -787.228 1005.57 
1 0 0 0 1 0 0 0 1 0 0 0 

0.991067 0 -0.133365 0 1 0 0.133365 0 0.991067 3107.65 -787.228 1005.57 
1 0 0 0 1 0 0 0 1 0 0 0 

0.990692 0 -0.136122 0 1 0 0.136122 0 0.990692 3107.65 -787.228 1005.57 
1 0 0 0 1 0 0 0 1 0 0 0 

0.990305 0 -0.138913 0 1 0 0.138913 0 0.990305 3107.65 -787.228 1005.57 
1 0 0 0 1 0 0 0 1 0 0 0 

0.989904 0 -0.141737 0 1 0 0.141737 0 0.989904 3107.65 -787.228 1005.57 
1 0 0 0 1 0 0 0 1 0 0 0 

0.989491 0 -0.144595 0 1 0 0.144595 0 0.989491 3107.65 -787.228 1005.57 
1 0 0 0 1 0 0 0 1 0 0 0 

0.989064 0 -0.147487 0 1 0 0.147487 0 0.989064 3107.65 -787.228 1005.57 
1 0 0 0 1 0 0 0 1 0 0 0 

0.988623 0 -0.150412 0 1 0 0.150412 0 0.988623 3107.65 -787.228 1005.57 
1 0 0 0 1 0 0 0 1 0 0 0 

0.988169 0 -0.153371 0 1 0 0.153371 0 0.988169 3107.65 -787.228 1005.57 
1 0 0 0 1 0 0 0 1 0 0 0 

0.987699 0 -0.156364 0 1 0 0.156364 0 0.987699 3107.65 -787.228 1005.57 
1 0 0 0 1 0 0 0 1 0 0 0 

0.987215 0 -0.159391 0 1 0 0.159391 0 0.987215 3107.65 -787.228 1005.57 
1 0 0 0 1 0 0 0 1 0 0 0 

0.986716 0 -0.162452 0 1 0 0.162452 0 0.986716 3107.65 -787.228 1005.57 
1 0 0 0 1 0 0 0 1 0 0 0 

0.986202 0 -0.165547 0 1 0 0.165547 0 0.986202 3107.65 -787.228 1005.57 
1 0 0 0 1 0 0 0 1 0 0 0 

0.985672 0 -0.168675 0 1 0 0.168675 0 0.985672 3107.65 -787.228 1005.57 
1 0 0 0 1 0 0 0 1 0 0 0 

0.985125 0 -0.171837 0 1 0 0.171837 0 0.985125 3107.65 -787.228 1005.57 
1 0 0 0 1 0 0 0 1 0 0 0 

0.984562 0 -0.175034 0 1 0 0.175034 0 0.984562 3107.65 -787.228 1005.57 
1 0 0 0 1 0 0 0 1 0 0 0 

0.983983 0 -0.178264 0 1 0 0.178264 0 0.983983 3107.65 -787.228 1005.57 
1 0 0 0 1 0 0 0 1 0 0 0 

0.983386 0 -0.181528 0 1 0 0.181528 0 0.983386 3107.65 -787.228 1005.57 
1 0 0 0 1 0 0 0 1 0 0 0 

0.982771 0 -0.184826 0 1 0 0.184826 0 0.982771 3107.65 -787.228 1005.57 
1 0 0 0 1 0 0 0 1 0 0 0 

0.982139 0 -0.188157 0 1 0 0.188157 0 0.982139 3107.65 -787.228 1005.57 
1 0 0 0 1 0 0 0 1 0 0 0 

0.981488 0 -0.191523 0 1 0 0.191523 0 0.981488 3107.65 -787.228 1005.57 
1 0 0 0 1 0 0 0 1 0 0 0 

0.980819 0 -0.194923 0 1 0 0.194923 0 0.980819 3107.65 -787.228 1005.57 
1 0 0 0 1 0 0 0 1 0 0 0 

0.98013 0 -0.198356 0 1 0 0.198356 0 0.98013 3107.65 -787.228 1005.57 
1 0 0 0 1 0 0 0 1 0 0 0 

0.979422 0 -0.201823 0 1 0 0.201823 0 0.979422 3107.65 -787.228 1005.57 
1 0 0 0 1 0 0 0 1 0 0 0 

0.978694 0 -0.205323 0 1 0 0.205323 0 0.978694 3107.65 -787.228 1005.57 
1 0 0 0 1 0 0 0 1 0 0 0 

0.977946 0 -0.208857 0 1 0 0.208857 0 0.977946 3107.65 -787.228 1005.57 
1 0 0 0 1 0 0 0 1 0 0 0 

0.977177 0 -0.212425 0 1 0 0.212425 0 0.977177 3107.65 -787.228 1005.57 
1 0 0 0 1 0 0 0 1 0 0 0 

0.976387 0 -0.216027 0 1 0 0.216027 0 0.976387 3107.65 -787.228 1005.57 
1 0 0 0 1 0 0 0 1 0 0 0 

0.975576 0 -0.219661 0 1 0 0.219661 0 0.975576 3107.65 -787.228 1005.57 
1 0 0 0 1 0 0 0 1 0 0 0 

0.974743 0 -0.22333 0 1 0 0.22333 0 0.974743 3107.65 -787.228 1005.57 
1 0 0 0 1 0 0 0 1 0 0 0 

0.973888 0 -0.227031 0 1 0 0.227031 0 0.973888 3107.65 -787.228 1005.57 
1 0 0 0 1 0 0 0 1 0 0 0 

0.973009 0 -0.230766 0 1 0 0.230766 0 0.973009 3107.65 -787.228 1005.57 
1 0 0 0 1 0 0 0 1 0 0 0 

0.972108 0 -0.234533 0 1 0 0.234533 0 0.972108 3107.65 -787.228 1005.57 
1 0 0 0 1 0 0 0 1 0 0 0 

0.971183 0 -0.238334 0 1 0 0.238334 0 0.971183 3107.65 -787.228 1005.57 
1 0 0 0 1 0 0 0 1 0 0 0 

0.970234 0 -0.242168 0 1 0 0.242168 0 0.970234 3107.65 -787.228 1005.57 
1 0 0 0 1 0 0 0 1 0 0 0 

0.969261 0 -0.246034 0 1 0 0.246034 0 0.969261 3107.65 -787.228 1005.57 
1 0 0 0 1 0 0 0 1 0 0 0 

0.968263 0 -0.249933 0 1 0 0.249933 0 0.968263 3107.65 -787.228 1005.57 
1 0 0 0 1 0 0 0 1 0 0 0 

0.96724 0 -0.253865 0 1 0 0.253865 0 0.96724 3107.65 -787.228 1005.57 
1 0 0 0 1 0 0 0 1 0 0 0 

0.966191 0 -0.257829 0 1 0 0.257829 0 0.966191 3107.65 -787.228 1005.57 
1 0 0 0 1 0 0 0 1 0 0 0 

0.965115 0 -0.261825 0 1 0 0.261825 0 0.965115 3107.65 -787.228 1005.57 
1 0 0 0 1 0 0 0 1 0 0 0 

0.964013 0 -0.265854 0 1 0 0.265854 0 0.964013 3107.65 -787.228 1005.57 
1 0 0 0 1 0 0 0 1 0 0 0 

0.962884 0 -0.269914 0 1 0 0.269914 0 0.962884 3107.65 -787.228 1005.57 
1 0 0 0 1 0 0 0 1 0 0 0 

0.961728 0 -0.274006 0 1 0 0.274006 0 0.961728 3107.65 -787.228 1005.57 
1 0 0 0 1 0 0 0 1 0 0 0 

0.960543 0 -0.27813 0 1 0 0.27813 0 0.960543 3107.65 -787.228 1005.57 
1 0 0 0 1 0 0 0 1 0 0 0 

0.95933 0 -0.282285 0 1 0 0.282285 0 0.95933 3107.65 -787.228 1005.57 
1 0 0 0 1 0 0 0 1 0 0 0 

0.958089 0 -0.286472 0 1 0 0.286472 0 0.958089 3107.65 -787.228 1005.57 
1 0 0 0 1 0 0 0 1 0 0 0 

0.956817 0 -0.29069 0 1 0 0.29069 0 0.956817 3107.65 -787.228 1005.57 
1 0 0 0 1 0 0 0 1 0 0 0 

0.955516 0 -0.294938 0 1 0 0.294938 0 0.955516 3107.65 -787.228 1005.57 
1 0 0 0 1 0 0 0 1 0 0 0 

0.954185 0 -0.299218 0 1 0 0.299218 0 0.954185 3107.65 -787.228 1005.57 
1 0 0 0 1 0 0 0 1 0 0 0 

0.952823 0 -0.303527 0 1 0 0.303527 0 0.952823 3107.65 -787.228 1005.57 
1 0 0 0 1 0 0 0 1 0 0 0 

0.951429 0 -0.307867 0 1 0 0.307867 0 0.951429 3107.65 -787.228 1005.57 
1 0 0 0 1 0 0 0 1 0 0 0 

0.950004 0 -0.312237 0 1 0 0.312237 0 0.950004 3107.65 -787.228 1005.57 
1 0 0 0 1 0 0 0 1 0 0 0 

0.948547 0 -0.316637 0 1 0 0.316637 0 0.948547 3107.65 -787.228 1005.57 
1 0 0 0 1 0 0 0 1 0 0 0 

0.947057 0 -0.321067 0 1 0 0.321067 0 0.947057 3107.65 -787.228 1005.57 
1 0 0 0 1 0 0 0 1 0 0 0 

0.945533 0 -0.325525 0 1 0 0.325525 0 0.945533 3107.65 -787.228 1005.57 
1 0 0 0 1 0 0 0 1 0 0 0 

0.943976 0 -0.330013 0 1 0 0.330013 0 0.943976 3107.65 -787.228 1005.57 
1 0 0 0 1 0 0 0 1 0 0 0 

0.942385 0 -0.334529 0 1 0 0.334529 0 0.942385 3107.65 -787.228 1005.57 
1 0 0 0 1 0 0 0 1 0 0 0 

0.94076 0 -0.339074 0 1 0 0.339074 0 0.94076 3107.65 -787.228 1005.57 
1 0 0 0 1 0 0 0 1 0 0 0 

0.939099 0 -0.343647 0 1 0 0.343647 0 0.939099 3107.65 -787.228 1005.57 
1 0 0 0 1 0 0 0 1 0 0 0 

0.937402 0 -0.348248 0 1 0 0.348248 0 0.937402 3107.65 -787.228 1005.57 
1 0 0 0 1 0 0 0 1 0 0 0 

0.93567 0 -0.352877 0 1 0 0.352877 0 0.93567 3107.65 -787.228 1005.57 
1 0 0 0 1 0 0 0 1 0 0 0 

0.9339 0 -0.357533 0 1 0 0.357533 0 0.9339 3107.65 -787.228 1005.57 
1 0 0 0 1 0 0 0 1 0 0 0 

0.932094 0 -0.362216 0 1 0 0.362216 0 0.932094 3107.65 -787.228 1005.57 
1 0 0 0 1 0 0 0 1 0 0 0 

0.93025 0 -0.366926 0 1 0 0.366926 0 0.93025 3107.65 -787.228 1005.57 
1 0 0 0 1 0 0 0 1 0 0 0 

0.928368 0 -0.371661 0 1 0 0.371661 0 0.928368 3107.65 -787.228 1005.57 
1 0 0 0 1 0 0 0 1 0 0 0 

0.926448 0 -0.376423 0 1 0 0.376423 0 0.926448 3107.65 -787.228 1005.57 
1 0 0 0 1 0 0 0 1 0 0 0 

0.924488 0 -0.381211 0 1 0 0.381211 0 0.924488 3107.65 -787.228 1005.57 
1 0 0 0 1 0 0 0 1 0 0 0 

0.922489 0 -0.386024 0 1 0 0.386024 0 0.922489 3107.65 -787.228 1005.57 
1 0 0 0 1 0 0 0 1 0 0 0 

0.92045 0 -0.390861 0 1 0 0.390861 0 0.92045 3107.65 -787.228 1005.57 
1 0 0 0 1 0 0 0 1 0 0 0 

0.91837 0 -0.395723 0 1 0 0.395723 0 0.91837 3107.65 -787.228 1005.57 
1 0 0 0 1 0 0 0 1 0 0 0 

0.916249 0 -0.40061 0 1 0 0.40061 0 0.916249 3107.65 -787.228 1005.57 
1 0 0 0 1 0 0 0 1 0 0 0 

0.914086 0 -0.40552 0 1 0 0.40552 0 0.914086 3107.65 -787.228 1005.57 
1 0 0 0 1 0 0 0 1 0 0 0 

0.911882 0 -0.410453 0 1 0 0.410453 0 0.911882 3107.65 -787.228 1005.57 
1 0 0 0 1 0 0 0 1 0 0 0 

0.909635 0 -0.415409 0 1 0 0.415409 0 0.909635 3107.65 -787.228 1005.57 
1 0 0 0 1 0 0 0 1 0 0 0 

0.907345 0 -0.420388 0 1 0 0.420388 0 0.907345 3107.65 -787.228 1005.57 
1 0 0 0 1 0 0 0 1 0 0 0 

0.905011 0 -0.425388 0 1 0 0.425388 0 0.905011 3107.65 -787.228 1005.57 
1 0 0 0 1 0 0 0 1 0 0 0 

0.902633 0 -0.430411 0 1 0 0.430411 0 0.902633 3107.65 -787.228 1005.57 
1 0 0 0 1 0 0 0 1 0 0 0 

0.900211 0 -0.435454 0 1 0 0.435454 0 0.900211 3107.65 -787.228 1005.57 
1 0 0 0 1 0 0 0 1 0 0 0 

0.897744 0 -0.440518 0 1 0 0.440518 0 0.897744 3107.65 -787.228 1005.57 
1 0 0 0 1 0 0 0 1 0 0 0 

0.895231 0 -0.445602 0 1 0 0.445602 0 0.895231 3107.65 -787.228 1005.57 
1 0 0 0 1 0 0 0 1 0 0 0 

0.892672 0 -0.450706 0 1 0 0.450706 0 0.892672 3107.65 -787.228 1005.57 
1 0 0 0 1 0 0 0 1 0 0 0 

0.890067 0 -0.455829 0 1 0 0.455829 0 0.890067 3107.65 -787.228 1005.57 
1 0 0 0 1 0 0 0 1 0 0 0 

0.887415 0 -0.460971 0 1 0 0.460971 0 0.887415 3107.65 -787.228 1005.57 
1 0 0 0 1 0 0 0 1 0 0 0 

0.884716 0 -0.466131 0 1 0 0.466131 0 0.884716 3107.65 -787.228 1005.57 
1 0 0 0 1 0 0 0 1 0 0 0 

0.881968 0 -0.471309 0 1 0 0.471309 0 0.881968 3107.65 -787.228 1005.57 
1 0 0 0 1 0 0 0 1 0 0 0 

0.879172 0 -0.476504 0 1 0 0.476504 0 0.879172 3107.65 -787.228 1005.57 
1 0 0 0 1 0 0 0 1 0 0 0 

0.876328 0 -0.481716 0 1 0 0.481716 0 0.876328 3107.65 -787.228 1005.57 
1 0 0 0 1 0 0 0 1 0 0 0 

0.873434 0 -0.486943 0 1 0 0.486943 0 0.873434 3107.65 -787.228 1005.57 
1 0 0 0 1 0 0 0 1 0 0 0 

0.87049 0 -0.492186 0 1 0 0.492186 0 0.87049 3107.65 -787.228 1005.57 
1 0 0 0 1 0 0 0 1 0 0 0 

0.867496 0 -0.497444 0 1 0 0.497444 0 0.867496 3107.65 -787.228 1005.57 
1 0 0 0 1 0 0 0 1 0 0 0 

0.864451 0 -0.502717 0 1 0 0.502717 0 0.864451 3107.65 -787.228 1005.57 
1 0 0 0 1 0 0 0 1 0 0 0 

0.861355 0 -0.508003 0 1 0 0.508003 0 0.861355 3107.65 -787.228 1005.57 
1 0 0 0 1 0 0 0 1 0 0 0 

0.858208 0 -0.513302 0 1 0 0.513302 0 0.858208 3107.65 -787.228 1005.57 
1 0 0 0 1 0 0 0 1 0 0 0 

0.855009 0 -0.518614 0 1 0 0.518614 0 0.855009 3107.65 -787.228 1005.57 
1 0 0 0 1 0 0 0 1 0 0 0 

0.851757 0 -0.523938 0 1 0 0.523938 0 0.851757 3107.65 -787.228 1005.57 
1 0 0 0 1 0 0 0 1 0 0 0 

0.848452 0 -0.529273 0 1 0 0.529273 0 0.848452 3107.65 -787.228 1005.57 
1 0 0 0 1 0 0 0 1 0 0 0 

0.845094 0 -0.534618 0 1 0 0.534618 0 0.845094 3107.65 -787.228 1005.57 
1 0 0 0 1 0 0 0 1 0 0 0 

0.841682 0 -0.539974 0 1 0 0.539974 0 0.841682 3107.65 -787.228 1005.57 
1 0 0 0 1 0 0 0 1 0 0 0 

0.838215 0 -0.545339 0 1 0 0.545339 0 0.838215 3107.65 -787.228 1005.57 
1 0 0 0 1 0 0 0 1 0 0 0 

0.834695 0 -0.550713 0 1 0 0.550713 0 0.834695 3107.65 -787.228 1005.57 
1 0 0 0 1 0 0 0 1 0 0 0 

0.831119 0 -0.556095 0 1 0 0.556095 0 0.831119 3107.65 -787.228 1005.57 
1 0 0 0 1 0 0 0 1 0 0 0 

0.827487 0 -0.561484 0 1 0 0.561484 0 0.827487 3107.65 -787.228 1005.57 
1 0 0 0 1 0 0 0 1 0 0 0 

0.8238 0 -0.56688 0 1 0 0.56688 0 0.8238 3107.65 -787.228 1005.57 
1 0 0 0 1 0 0 0 1 0 0 0 

0.820057 0 -0.572282 0 1 0 0.572282 0 0.820057 3107.65 -787.228 1005.57 
1 0 0 0 1 0 0 0 1 0 0 0 

0.816257 0 -0.577689 0 1 0 0.577689 0 0.816257 3107.65 -787.228 1005.57 
1 0 0 0 1 0 0 0 1 0 0 0 

0.8124 0 -0.5831 0 1 0 0.5831 0 0.8124 3107.65 -787.228 1005.57 
1 0 0 0 1 0 0 0 1 0 0 0 

0.808486 0 -0.588516 0 1 0 0.588516 0 0.808486 3107.65 -787.228 1005.57 
1 0 0 0 1 0 0 0 1 0 0 0 

0.804514 0 -0.593934 0 1 0 0.593934 0 0.804514 3107.65 -787.228 1005.57 
1 0 0 0 1 0 0 0 1 0 0 0 

0.800484 0 -0.599354 0 1 0 0.599354 0 0.800484 3107.65 -787.228 1005.57 
1 0 0 0 1 0 0 0 1 0 0 0 

0.796395 0 -0.604777 0 1 0 0.604777 0 0.796395 3107.65 -787.228 1005.57 
1 0 0 0 1 0 0 0 1 0 0 0 

0.792248 0 -0.610199 0 1 0 0.610199 0 0.792248 3107.65 -787.228 1005.57 
1 0 0 0 1 0 0 0 1 0 0 0 

0.788042 0 -0.615622 0 1 0 0.615622 0 0.788042 3107.65 -787.228 1005.57 
1 0 0 0 1 0 0 0 1 0 0 0 

0.783776 0 -0.621044 0 1 0 0.621044 0 0.783776 3107.65 -787.228 1005.57 
1 0 0 0 1 0 0 0 1 0 0 0 

0.77945 0 -0.626464 0 1 0 0.626464 0 0.77945 3107.65 -787.228 1005.57 
1 0 0 0 1 0 0 0 1 0 0 0 

0.775065 0 -0.631882 0 1 0 0.631882 0 0.775065 3107.65 -787.228 1005.57 
1 0 0 0 1 0 0 0 1 0 0 0 

0.770619 0 -0.637297 0 1 0 0.637297 0 0.770619 3107.65 -787.228 1005.57 
1 0 0 0 1 0 0 0 1 0 0 0 

0.766112 0 -0.642707 0 1 0 0.642707 0 0.766112 3107.65 -787.228 1005.57 
1 0 0 0 1 0 0 0 1 0 0 0 

0.761544 0 -0.648113 0 1 0 0.648113 0 0.761544 3107.65 -787.228 1005.57 
1 0 0 0 1 0 0 0 1 0 0 0 

0.756916 0 -0.653513 0 1 0 0.653513 0 0.756916 3107.65 -787.228 1005.57 
1 0 0 0 1 0 0 0 1 0 0 0 

0.752225 0 -0.658906 0 1 0 0.658906 0 0.752225 3107.65 -787.228 1005.57 
1 0 0 0 1 0 0 0 1 0 0 0 

0.747473 0 -0.664292 0 1 0 0.664292 0 0.747473 3107.65 -787.228 1005.57 
1 0 0 0 1 0 0 0 1 0 0 0 

0.742659 0 -0.669669 0 1 0 0.669669 0 0.742659 3107.65 -787.228 1005.57 
1 0 0 0 1 0 0 0 1 0 0 0 

0.737783 0 -0.675038 0 1 0 0.675038 0 0.737783 3107.65 -787.228 1005.57 
1 0 0 0 1 0 0 0 1 0 0 0 

0.732845 0 -0.680396 0 1 0 0.680396 0 0.732845 3107.65 -787.228 1005.57 
1 0 0 0 1 0 0 0 1 0 0 0 

0.727844 0 -0.685743 0 1 0 0.685743 0 0.727844 3107.65 -787.228 1005.57 
1 0 0 0 1 0 0 0 1 0 0 0 

0.72278 0 -0.691078 0 1 0 0.691078 0 0.72278 3107.65 -787.228 1005.57 
1 0 0 0 1 0 0 0 1 0 0 0 

0.717653 0 -0.696401 0 1 0 0.696401 0 0.717653 3107.65 -787.228 1005.57 
1 0 0 0 1 0 0 0 1 0 0 0 

0.712463 0 -0.70171 0 1 0 0.70171 0 0.712463 3107.65 -787.228 1005.57 
1 0 0 0 1 0 0 0 1 0 0 0 

0.707209 0 -0.707004 0 1 0 0.707004 0 0.707209 3107.65 -787.228 1005.57 
1 0 0 0 1 0 0 0 1 0 0 0 

0.701892 0 -0.712283 0 1 0 0.712283 0 0.701892 3107.65 -787.228 1005.57 
1 0 0 0 1 0 0 0 1 0 0 0 

0.696512 0 -0.717546 0 1 0 0.717546 0 0.696512 3107.65 -787.228 1005.57 
1 0 0 0 1 0 0 0 1 0 0 0 

0.691067 0 -0.722791 0 1 0 0.722791 0 0.691067 3107.65 -787.228 1005.57 
1 0 0 0 1 0 0 0 1 0 0 0 

0.685559 0 -0.728017 0 1 0 0.728017 0 0.685559 3107.65 -787.228 1005.57 
1 0 0 0 1 0 0 0 1 0 0 0 

0.679986 0 -0.733225 0 1 0 0.733225 0 0.679986 3107.65 -787.228 1005.57 
1 0 0 0 1 0 0 0 1 0 0 0 

0.67435 0 -0.738412 0 1 0 0.738412 0 0.67435 3107.65 -787.228 1005.57 
1 0 0 0 1 0 0 0 1 0 0 0 

0.66865 0 -0.743578 0 1 0 0.743578 0 0.66865 3107.65 -787.228 1005.57 
1 0 0 0 1 0 0 0 1 0 0 0 

0.662885 0 -0.748721 0 1 0 0.748721 0 0.662885 3107.65 -787.228 1005.57 
1 0 0 0 1 0 0 0 1 0 0 0 

0.657056 0 -0.753842 0 1 0 0.753842 0 0.657056 3107.65 -787.228 1005.57 
1 0 0 0 1 0 0 0 1 0 0 0 

0.651162 0 -0.758938 0 1 0 0.758938 0 0.651162 3107.65 -787.228 1005.57 
1 0 0 0 1 0 0 0 1 0 0 0 

0.645205 0 -0.76401 0 1 0 0.76401 0 0.645205 3107.65 -787.228 1005.57 
1 0 0 0 1 0 0 0 1 0 0 0 

0.639183 0 -0.769055 0 1 0 0.769055 0 0.639183 3107.65 -787.228 1005.57 
1 0 0 0 1 0 0 0 1 0 0 0 

0.633096 0 -0.774073 0 1 0 0.774073 0 0.633096 3107.65 -787.228 1005.57 
1 0 0 0 1 0 0 0 1 0 0 0 

0.626946 0 -0.779063 0 1 0 0.779063 0 0.626946 3107.65 -787.228 1005.57 
1 0 0 0 1 0 0 0 1 0 0 0 

0.620731 0 -0.784024 0 1 0 0.784024 0 0.620731 3107.65 -787.228 1005.57 
1 0 0 0 1 0 0 0 1 0 0 0 

0.614452 0 -0.788954 0 1 0 0.788954 0 0.614452 3107.65 -787.228 1005.57 
1 0 0 0 1 0 0 0 1 0 0 0 

0.608108 0 -0.793854 0 1 0 0.793854 0 0.608108 3107.65 -787.228 1005.57 
1 0 0 0 1 0 0 0 1 0 0 0 

0.601701 0 -0.798721 0 1 0 0.798721 0 0.601701 3107.65 -787.228 1005.57 
1 0 0 0 1 0 0 0 1 0 0 0 

0.59523 0 -0.803556 0 1 0 0.803556 0 0.59523 3107.65 -787.228 1005.57 
1 0 0 0 1 0 0 0 1 0 0 0 

0.588694 0 -0.808356 0 1 0 0.808356 0 0.588694 3107.65 -787.228 1005.57 
1 0 0 0 1 0 0 0 1 0 0 0 

0.582095 0 -0.813121 0 1 0 0.813121 0 0.582095 3107.65 -787.228 1005.57 
1 0 0 0 1 0 0 0 1 0 0 0 

0.575433 0 -0.817849 0 1 0 0.817849 0 0.575433 3107.65 -787.228 1005.57 
1 0 0 0 1 0 0 0 1 0 0 0 

0.568706 0 -0.822541 0 1 0 0.822541 0 0.568706 3107.65 -787.228 1005.57 
1 0 0 0 1 0 0 0 1 0 0 0 

0.561917 0 -0.827194 0 1 0 0.827194 0 0.561917 3107.65 -787.228 1005.57 
1 0 0 0 1 0 0 0 1 0 0 0 

0.555065 0 -0.831807 0 1 0 0.831807 0 0.555065 3107.65 -787.228 1005.57 
1 0 0 0 1 0 0 0 1 0 0 0 

0.548149 0 -0.836381 0 1 0 0.836381 0 0.548149 3107.65 -787.228 1005.57 
1 0 0 0 1 0 0 0 1 0 0 0 

0.541171 0 -0.840912 0 1 0 0.840912 0 0.541171 3107.65 -787.228 1005.57 
1 0 0 0 1 0 0 0 1 0 0 0 

0.534131 0 -0.845402 0 1 0 0.845402 0 0.534131 3107.65 -787.228 1005.57 
1 0 0 0 1 0 0 0 1 0 0 0 

0.527028 0 -0.849848 0 1 0 0.849848 0 0.527028 3107.65 -787.228 1005.57 
1 0 0 0 1 0 0 0 1 0 0 0 

0.519864 0 -0.854249 0 1 0 0.854249 0 0.519864 3107.65 -787.228 1005.57 
1 0 0 0 1 0 0 0 1 0 0 0 

0.512637 0 -0.858605 0 1 0 0.858605 0 0.512637 3107.65 -787.228 1005.57 
1 0 0 0 1 0 0 0 1 0 0 0 

0.50535 0 -0.862915 0 1 0 0.862915 0 0.50535 3107.65 -787.228 1005.57 
1 0 0 0 1 0 0 0 1 0 0 0 

0.498001 0 -0.867176 0 1 0 0.867176 0 0.498001 3107.65 -787.228 1005.57 
1 0 0 0 1 0 0 0 1 0 0 0 

0.490592 0 -0.871389 0 1 0 0.871389 0 0.490592 3107.65 -787.228 1005.57 
1 0 0 0 1 0 0 0 1 0 0 0 

0.483123 0 -0.875552 0 1 0 0.875552 0 0.483123 3107.65 -787.228 1005.57 
1 0 0 0 1 0 0 0 1 0 0 0 

0.475594 0 -0.879665 0 1 0 0.879665 0 0.475594 3107.65 -787.228 1005.57 
1 0 0 0 1 0 0 0 1 0 0 0 

0.468005 0 -0.883726 0 1 0 0.883726 0 0.468005 3107.65 -787.228 1005.57 
1 0 0 0 1 0 0 0 1 0 0 0 

0.460357 0 -0.887734 0 1 0 0.887734 0 0.460357 3107.65 -787.228 1005.57 
1 0 0 0 1 0 0 0 1 0 0 0 

0.452651 0 -0.891688 0 1 0 0.891688 0 0.452651 3107.65 -787.228 1005.57 
1 0 0 0 1 0 0 0 1 0 0 0 

0.444886 0 -0.895587 0 1 0 0.895587 0 0.444886 3107.65 -787.228 1005.57 
1 0 0 0 1 0 0 0 1 0 0 0 

0.437063 0 -0.899431 0 1 0 0.899431 0 0.437063 3107.65 -787.228 1005.57 
1 0 0 0 1 0 0 0 1 0 0 0 

0.429184 0 -0.903217 0 1 0 0.903217 0 0.429184 3107.65 -787.228 1005.57 
1 0 0 0 1 0 0 0 1 0 0 0 

0.421247 0 -0.906946 0 1 0 0.906946 0 0.421247 3107.65 -787.228 1005.57 
1 0 0 0 1 0 0 0 1 0 0 0 

0.413254 0 -0.910616 0 1 0 0.910616 0 0.413254 3107.65 -787.228 1005.57 
1 0 0 0 1 0 0 0 1 0 0 0 

0.405206 0 -0.914226 0 1 0 0.914226 0 0.405206 3107.65 -787.228 1005.57 
1 0 0 0 1 0 0 0 1 0 0 0 

0.397102 0 -0.917775 0 1 0 0.917775 0 0.397102 3107.65 -787.228 1005.57 
1 0 0 0 1 0 0 0 1 0 0 0 

0.388943 0 -0.921262 0 1 0 0.921262 0 0.388943 3107.65 -787.228 1005.57 
1 0 0 0 1 0 0 0 1 0 0 0 

0.380731 0 -0.924686 0 1 0 0.924686 0 0.380731 3107.65 -787.228 1005.57 
1 0 0 0 1 0 0 0 1 0 0 0 

0.372465 0 -0.928046 0 1 0 0.928046 0 0.372465 3107.65 -787.228 1005.57 
1 0 0 0 1 0 0 0 1 0 0 0 

0.364147 0 -0.931342 0 1 0 0.931342 0 0.364147 3107.65 -787.228 1005.57 
1 0 0 0 1 0 0 0 1 0 0 0 

0.355776 0 -0.934571 0 1 0 0.934571 0 0.355776 3107.65 -787.228 1005.57 
1 0 0 0 1 0 0 0 1 0 0 0 

0.347354 0 -0.937734 0 1 0 0.937734 0 0.347354 3107.65 -787.228 1005.57 
1 0 0 0 1 0 0 0 1 0 0 0 

0.33888 0 -0.940829 0 1 0 0.940829 0 0.33888 3107.65 -787.228 1005.57 
1 0 0 0 1 0 0 0 1 0 0 0 

0.330357 0 -0.943856 0 1 0 0.943856 0 0.330357 3107.65 -787.228 1005.57 
1 0 0 0 1 0 0 0 1 0 0 0 

0.321784 0 -0.946813 0 1 0 0.946813 0 0.321784 3107.65 -787.228 1005.57 
1 0 0 0 1 0 0 0 1 0 0 0 

0.313163 0 -0.949699 0 1 0 0.949699 0 0.313163 3107.65 -787.228 1005.57 
1 0 0 0 1 0 0 0 1 0 0 0 

0.304494 0 -0.952514 0 1 0 0.952514 0 0.304494 3107.65 -787.228 1005.57 
1 0 0 0 1 0 0 0 1 0 0 0 

0.295777 0 -0.955257 0 1 0 0.955257 0 0.295777 3107.65 -787.228 1005.57 
1 0 0 0 1 0 0 0 1 0 0 0 

0.287014 0 -0.957926 0 1 0 0.957926 0 0.287014 3107.65 -787.228 1005.57 
1 0 0 0 1 0 0 0 1 0 0 0 

0.278206 0 -0.960521 0 1 0 0.960521 0 0.278206 3107.65 -787.228 1005.57 
1 0 0 0 1 0 0 0 1 0 0 0 

0.269353 0 -0.963042 0 1 0 0.963042 0 0.269353 3107.65 -787.228 1005.57 
1 0 0 0 1 0 0 0 1 0 0 0 

0.260455 0 -0.965486 0 1 0 0.965486 0 0.260455 3107.65 -787.228 1005.57 
1 0 0 0 1 0 0 0 1 0 0 0 

0.251515 0 -0.967853 0 1 0 0.967853 0 0.251515 3107.65 -787.228 1005.57 
1 0 0 0 1 0 0 0 1 0 0 0 

0.242533 0 -0.970143 0 1 0 0.970143 0 0.242533 3107.65 -787.228 1005.57 
1 0 0 0 1 0 0 0 1 0 0 0 

0.233509 0 -0.972355 0 1 0 0.972355 0 0.233509 3107.65 -787.228 1005.57 
1 0 0 0 1 0 0 0 1 0 0 0 

0.224444 0 -0.974487 0 1 0 0.974487 0 0.224444 3107.65 -787.228 1005.57 
1 0 0 0 1 0 0 0 1 0 0 0 

0.21534 0 -0.976539 0 1 0 0.976539 0 0.21534 3107.65 -787.228 1005.57 
1 0 0 0 1 0 0 0 1 0 0 0 

0.206198 0 -0.97851 0 1 0 0.97851 0 0.206198 3107.65 -787.228 1005.57 
1 0 0 0 1 0 0 0 1 0 0 0 

0.197017 0 -0.9804 0 1 0 0.9804 0 0.197017 3107.65 -787.228 1005.57 
