0
0
0
0
0
0
0
0
0
0
0
0
0
0
0
0
0
0
0
0
0
0
0
0
0
8.63738 3109.56 -779.167 1004.6 0.997044 0.0535772 0.0550649 -0.0628861 0.980855 0.184307 -0.044136 -0.187225 0.981325 
8.6343 3109.56 -779.167 1004.6 0.997044 0.0535772 0.0550649 -0.0628861 0.980855 0.184307 -0.044136 -0.187225 0.981325 
8.63116 3109.56 -779.167 1004.6 0.997044 0.0535772 0.0550649 -0.0628861 0.980855 0.184307 -0.044136 -0.187225 0.981325 
8.62796 3109.56 -779.167 1004.6 0.997044 0.0535772 0.0550649 -0.0628861 0.980855 0.184307 -0.044136 -0.187225 0.981325 
8.6247 3109.56 -779.167 1004.6 0.997044 0.0535772 0.0550649 -0.0628861 0.980855 0.184307 -0.044136 -0.187225 0.981325 
8.6214 3109.56 -779.167 1004.6 0.997044 0.0535772 0.0550649 -0.0628861 0.980855 0.184307 -0.044136 -0.187225 0.981325 
8.61805 3109.56 -779.167 1004.6 0.997044 0.0535772 0.0550649 -0.0628861 0.980855 0.184307 -0.044136 -0.187225 0.981325 
8.61466 3109.56 -779.167 1004.6 0.997044 0.0535772 0.0550649 -0.0628861 0.980855 0.184307 -0.044136 -0.187225 0.981325 
8.61122 3109.56 -779.167 1004.6 0.997044 0.0535772 0.0550649 -0.0628861 0.980855 0.184307 -0.044136 -0.187225 0.981325 
8.60776 3109.56 -779.167 1004.6 0.997044 0.0535772 0.0550649 -0.0628861 0.980855 0.184307 -0.044136 -0.187225 0.981325 
8.60426 3109.56 -779.167 1004.6 0.997044 0.0535772 0.0550649 -0.0628861 0.980855 0.184307 -0.044136 -0.187225 0.981325 
8.60074 3109.56 -779.167 1004.6 0.997044 0.0535772 0.0550649 -0.0628861 0.980855 0.184307 -0.044136 -0.187225 0.981325 
8.5972 3109.56 -779.167 1004.6 0.997044 0.0535772 0.0550649 -0.0628861 0.980855 0.184307 -0.044136 -0.187225 0.981325 
8.59364 3109.56 -779.167 1004.6 0.997044 0.0535772 0.0550649 -0.0628861 0.980855 0.184307 -0.044136 -0.187225 0.981325 
8.59006 3109.56 -779.167 1004.6 0.997044 0.0535772 0.0550649 -0.0628861 0.980855 0.184307 -0.044136 -0.187225 0.981325 
8.58647 3109.56 -779.167 1004.6 0.997044 0.0535772 0.0550649 -0.0628861 0.980855 0.184307 -0.044136 -0.187225 0.981325 
8.58288 3109.56 -779.167 1004.6 0.997044 0.0535772 0.0550649 -0.0628861 0.980855 0.184307 -0.044136 -0.187225 0.981325 
8.57928 3109.56 -779.167 1004.6 0.997044 0.0535772 0.0550649 -0.0628861 0.980855 0.184307 -0.044136 -0.187225 0.981325 
8.57568 3109.56 -779.167 1004.6 0.997044 0.0535772 0.0550649 -0.0628861 0.980855 0.184307 -0.044136 -0.187225 0.981325 
8.57208 3109.56 -779.167 1004.6 0.997044 0.0535772 0.0550649 -0.0628861 0.980855 0.184307 -0.044136 -0.187225 0.981325 
8.5685 3109.56 -779.167 1004.6 0.997044 0.0535772 0.0550649 -0.0628861 0.980855 0.184307 -0.044136 -0.187225 0.981325 
8.56492 3109.56 -779.167 1004.6 0.997044 0.0535772 0.0550649 -0.0628861 0.980855 0.184307 -0.044136 -0.187225 0.981325 
8.56135 3109.56 -779.167 1004.6 0.997044 0.0535772 0.0550649 -0.0628861 0.980855 0.184307 -0.044136 -0.187225 0.981325 
8.5578 3109.56 -779.167 1004.6 0.997044 0.0535772 0.0550649 -0.0628861 0.980855 0.184307 -0.044136 -0.187225 0.981325 
8.55427 3109.56 -779.167 1004.6 0.997044 0.0535772 0.0550649 -0.0628861 0.980855 0.184307 -0.044136 -0.187225 0.981325 
8.55076 3109.56 -779.167 1004.6 0.997044 0.0535772 0.0550649 -0.0628861 0.980855 0.184307 -0.044136 -0.187225 0.981325 
8.54727 3109.56 -779.167 1004.6 0.997044 0.0535772 0.0550649 -0.0628861 0.980855 0.184307 -0.044136 -0.187225 0.981325 
8.54382 3109.56 -779.167 1004.6 0.997044 0.0535772 0.0550649 -0.0628861 0.980855 0.184307 -0.044136 -0.187225 0.981325 
8.54039 3109.56 -779.167 1004.6 0.997044 0.0535772 0.0550649 -0.0628861 0.980855 0.184307 -0.044136 -0.187225 0.981325 
8.537 3109.56 -779.167 1004.6 0.997044 0.0535772 0.0550649 -0.0628861 0.980855 0.184307 -0.044136 -0.187225 0.981325 
8.53364 3109.56 -779.167 1004.6 0.997044 0.0535772 0.0550649 -0.0628861 0.980855 0.184307 -0.044136 -0.187225 0.981325 
8.53032 3109.56 -779.167 1004.6 0.997044 0.0535772 0.0550649 -0.0628861 0.980855 0.184307 -0.044136 -0.187225 0.981325 
8.52704 3109.56 -779.167 1004.6 0.997044 0.0535772 0.0550649 -0.0628861 0.980855 0.184307 -0.044136 -0.187225 0.981325 
8.5238 3109.56 -779.167 1004.6 0.997044 0.0535772 0.0550649 -0.0628861 0.980855 0.184307 -0.044136 -0.187225 0.981325 
8.52061 3109.56 -779.167 1004.6 0.997044 0.0535772 0.0550649 -0.0628861 0.980855 0.184307 -0.044136 -0.187225 0.981325 
8.51747 3109.56 -779.167 1004.6 0.997044 0.0535772 0.0550649 -0.0628861 0.980855 0.184307 -0.044136 -0.187225 0.981325 
8.51437 3109.56 -779.167 1004.6 0.997044 0.0535772 0.0550649 -0.0628861 0.980855 0.184307 -0.044136 -0.187225 0.981325 
8.51133 3109.56 -779.167 1004.6 0.997044 0.0535772 0.0550649 -0.0628861 0.980855 0.184307 -0.044136 -0.187225 0.981325 
8.50834 3109.56 -779.167 1004.6 0.997044 0.0535772 0.0550649 -0.0628861 0.980855 0.184307 -0.044136 -0.187225 0.981325 
8.5054 3109.56 -779.167 1004.6 0.997044 0.0535772 0.0550649 -0.0628861 0.980855 0.184307 -0.044136 -0.187225 0.981325 
8.50252 3109.56 -779.167 1004.6 0.997044 0.0535772 0.0550649 -0.0628861 0.980855 0.184307 -0.044136 -0.187225 0.981325 
8.4997 3109.56 -779.167 1004.6 0.997044 0.0535772 0.0550649 -0.0628861 0.980855 0.184307 -0.044136 -0.187225 0.981325 
8.49694 3109.56 -779.167 1004.6 0.997044 0.0535772 0.0550649 -0.0628861 0.980855 0.184307 -0.044136 -0.187225 0.981325 
8.49424 3109.56 -779.167 1004.6 0.997044 0.0535772 0.0550649 -0.0628861 0.980855 0.184307 -0.044136 -0.187225 0.981325 
8.49161 3109.56 -779.167 1004.6 0.997044 0.0535772 0.0550649 -0.0628861 0.980855 0.184307 -0.044136 -0.187225 0.981325 
8.48904 3109.56 -779.167 1004.6 0.997044 0.0535772 0.0550649 -0.0628861 0.980855 0.184307 -0.044136 -0.187225 0.981325 
8.48653 3109.56 -779.167 1004.6 0.997044 0.0535772 0.0550649 -0.0628861 0.980855 0.184307 -0.044136 -0.187225 0.981325 
8.4841 3109.56 -779.167 1004.6 0.997044 0.0535772 0.0550649 -0.0628861 0.980855 0.184307 -0.044136 -0.187225 0.981325 
8.48173 3109.56 -779.167 1004.6 0.997044 0.0535772 0.0550649 -0.0628861 0.980855 0.184307 -0.044136 -0.187225 0.981325 
8.47943 3109.56 -779.167 1004.6 0.997044 0.0535772 0.0550649 -0.0628861 0.980855 0.184307 -0.044136 -0.187225 0.981325 
8.4772 3109.56 -779.167 1004.6 0.997044 0.0535772 0.0550649 -0.0628861 0.980855 0.184307 -0.044136 -0.187225 0.981325 
8.47505 3109.56 -779.167 1004.6 0.997044 0.0535772 0.0550649 -0.0628861 0.980855 0.184307 -0.044136 -0.187225 0.981325 
8.47297 3109.56 -779.167 1004.6 0.997044 0.0535772 0.0550649 -0.0628861 0.980855 0.184307 -0.044136 -0.187225 0.981325 
8.47097 3109.56 -779.167 1004.6 0.997044 0.0535772 0.0550649 -0.0628861 0.980855 0.184307 -0.044136 -0.187225 0.981325 
8.46904 3109.56 -779.167 1004.6 0.997044 0.0535772 0.0550649 -0.0628861 0.980855 0.184307 -0.044136 -0.187225 0.981325 
8.46719 3109.56 -779.167 1004.6 0.997044 0.0535772 0.0550649 -0.0628861 0.980855 0.184307 -0.044136 -0.187225 0.981325 
8.46542 3109.56 -779.167 1004.6 0.997044 0.0535772 0.0550649 -0.0628861 0.980855 0.184307 -0.044136 -0.187225 0.981325 
8.46373 3109.56 -779.167 1004.6 0.997044 0.0535772 0.0550649 -0.0628861 0.980855 0.184307 -0.044136 -0.187225 0.981325 
8.46211 3109.56 -779.167 1004.6 0.997044 0.0535772 0.0550649 -0.0628861 0.980855 0.184307 -0.044136 -0.187225 0.981325 
8.46058 3109.56 -779.167 1004.6 0.997044 0.0535772 0.0550649 -0.0628861 0.980855 0.184307 -0.044136 -0.187225 0.981325 
8.45914 3109.56 -779.167 1004.6 0.997044 0.0535772 0.0550649 -0.0628861 0.980855 0.184307 -0.044136 -0.187225 0.981325 
8.45777 3109.56 -779.167 1004.6 0.997044 0.0535772 0.0550649 -0.0628861 0.980855 0.184307 -0.044136 -0.187225 0.981325 
8.45649 3109.56 -779.167 1004.6 0.997044 0.0535772 0.0550649 -0.0628861 0.980855 0.184307 -0.044136 -0.187225 0.981325 
8.4553 3109.56 -779.167 1004.6 0.997044 0.0535772 0.0550649 -0.0628861 0.980855 0.184307 -0.044136 -0.187225 0.981325 
8.4542 3109.56 -779.167 1004.6 0.997044 0.0535772 0.0550649 -0.0628861 0.980855 0.184307 -0.044136 -0.187225 0.981325 
8.45318 3109.56 -779.167 1004.6 0.997044 0.0535772 0.0550649 -0.0628861 0.980855 0.184307 -0.044136 -0.187225 0.981325 
8.45225 3109.56 -779.167 1004.6 0.997044 0.0535772 0.0550649 -0.0628861 0.980855 0.184307 -0.044136 -0.187225 0.981325 
8.45142 3109.56 -779.167 1004.6 0.997044 0.0535772 0.0550649 -0.0628861 0.980855 0.184307 -0.044136 -0.187225 0.981325 
8.45067 3109.56 -779.167 1004.6 0.997044 0.0535772 0.0550649 -0.0628861 0.980855 0.184307 -0.044136 -0.187225 0.981325 
8.45002 3109.56 -779.167 1004.6 0.997044 0.0535772 0.0550649 -0.0628861 0.980855 0.184307 -0.044136 -0.187225 0.981325 
8.44947 3109.56 -779.167 1004.6 0.997044 0.0535772 0.0550649 -0.0628861 0.980855 0.184307 -0.044136 -0.187225 0.981325 
8.44901 3109.56 -779.167 1004.6 0.997044 0.0535772 0.0550649 -0.0628861 0.980855 0.184307 -0.044136 -0.187225 0.981325 
8.44865 3109.56 -779.167 1004.6 0.997044 0.0535772 0.0550649 -0.0628861 0.980855 0.184307 -0.044136 -0.187225 0.981325 
8.44839 3109.56 -779.167 1004.6 0.997044 0.0535772 0.0550649 -0.0628861 0.980855 0.184307 -0.044136 -0.187225 0.981325 
8.44824 3109.56 -779.167 1004.6 0.997044 0.0535772 0.0550649 -0.0628861 0.980855 0.184307 -0.044136 -0.187225 0.981325 
8.44818 3109.56 -779.167 1004.6 0.997044 0.0535772 0.0550649 -0.0628861 0.980855 0.184307 -0.044136 -0.187225 0.981325 
8.44818 3109.56 -779.167 1004.6 0.997044 0.0535772 0.0550649 -0.0628861 0.980855 0.184307 -0.044136 -0.187225 0.981325 
8.44818 3109.56 -779.167 1004.6 0.997044 0.0535772 0.0550649 -0.0628861 0.980855 0.184307 -0.044136 -0.187225 0.981325 
8.44818 3109.56 -779.167 1004.6 0.997044 0.0535772 0.0550649 -0.0628861 0.980855 0.184307 -0.044136 -0.187225 0.981325 
8.44818 3109.56 -779.167 1004.6 0.997044 0.0535772 0.0550649 -0.0628861 0.980855 0.184307 -0.044136 -0.187225 0.981325 
8.44818 3109.56 -779.167 1004.6 0.997044 0.0535772 0.0550649 -0.0628861 0.980855 0.184307 -0.044136 -0.187225 0.981325 
8.44818 3109.56 -779.167 1004.6 0.997044 0.0535772 0.0550649 -0.0628861 0.980855 0.184307 -0.044136 -0.187225 0.981325 
8.44818 3109.56 -779.167 1004.6 0.997044 0.0535772 0.0550649 -0.0628861 0.980855 0.184307 -0.044136 -0.187225 0.981325 
8.44818 3109.56 -779.167 1004.6 0.997044 0.0535772 0.0550649 -0.0628861 0.980855 0.184307 -0.044136 -0.187225 0.981325 
8.44818 3109.56 -779.167 1004.6 0.997044 0.0535772 0.0550649 -0.0628861 0.980855 0.184307 -0.044136 -0.187225 0.981325 
8.44818 3109.56 -779.167 1004.6 0.997044 0.0535772 0.0550649 -0.0628861 0.980855 0.184307 -0.044136 -0.187225 0.981325 
8.44818 3109.56 -779.167 1004.6 0.997044 0.0535772 0.0550649 -0.0628861 0.980855 0.184307 -0.044136 -0.187225 0.981325 
8.4514 3109.56 -779.167 1004.6 0.997044 0.0535772 0.0550649 -0.0628861 0.980855 0.184307 -0.044136 -0.187225 0.981325 
8.45461 3109.56 -779.167 1004.6 0.997044 0.0535772 0.0550649 -0.0628861 0.980855 0.184307 -0.044136 -0.187225 0.981325 
8.46104 3109.56 -779.167 1004.6 0.997044 0.0535772 0.0550649 -0.0628861 0.980855 0.184307 -0.044136 -0.187225 0.981325 
8.4739 3109.56 -779.167 1004.6 0.997044 0.0535772 0.0550649 -0.0628861 0.980855 0.184307 -0.044136 -0.187225 0.981325 
8.49319 3109.56 -779.167 1004.6 0.997044 0.0535772 0.0550649 -0.0628861 0.980855 0.184307 -0.044136 -0.187225 0.981325 
8.51892 3109.56 -779.167 1004.6 0.997044 0.0535772 0.0550649 -0.0628861 0.980855 0.184307 -0.044136 -0.187225 0.981325 
8.55429 3109.56 -779.167 1004.6 0.997044 0.0535772 0.0550649 -0.0628861 0.980855 0.184307 -0.044136 -0.187225 0.981325 
8.59932 3109.56 -779.167 1004.6 0.997044 0.0535772 0.0550649 -0.0628861 0.980855 0.184307 -0.044136 -0.187225 0.981325 
8.65722 3109.56 -779.167 1004.6 0.997044 0.0535772 0.0550649 -0.0628861 0.980855 0.184307 -0.044136 -0.187225 0.981325 
8.72479 3109.56 -779.167 1004.6 0.997044 0.0535772 0.0550649 -0.0628861 0.980855 0.184307 -0.044136 -0.187225 0.981325 
8.80847 3109.56 -779.167 1004.6 0.997044 0.0535772 0.0550649 -0.0628861 0.980855 0.184307 -0.044136 -0.187225 0.981325 
8.90505 3109.56 -779.167 1004.6 0.997044 0.0535772 0.0550649 -0.0628861 0.980855 0.184307 -0.044136 -0.187225 0.981325 
9.01777 3109.56 -779.167 1004.6 0.997044 0.0535772 0.0550649 -0.0628861 0.980855 0.184307 -0.044136 -0.187225 0.981325 
9.14986 3109.56 -779.167 1004.6 0.997044 0.0535772 0.0550649 -0.0628861 0.980855 0.184307 -0.044136 -0.187225 0.981325 
9.29812 3109.56 -779.167 1004.6 0.997044 0.0535772 0.0550649 -0.0628861 0.980855 0.184307 -0.044136 -0.187225 0.981325 
9.4658 3109.56 -779.167 1004.6 0.997044 0.0535772 0.0550649 -0.0628861 0.980855 0.184307 -0.044136 -0.187225 0.981325 
9.65614 3109.56 -779.167 1004.6 0.997044 0.0535772 0.0550649 -0.0628861 0.980855 0.184307 -0.044136 -0.187225 0.981325 
9.86594 3109.56 -779.167 1004.6 0.997044 0.0535772 0.0550649 -0.0628861 0.980855 0.184307 -0.044136 -0.187225 0.981325 
10.0985 3109.56 -779.167 1004.6 0.997044 0.0535772 0.0550649 -0.0628861 0.980855 0.184307 -0.044136 -0.187225 0.981325 
10.3569 3109.56 -779.167 1004.6 0.997044 0.0535772 0.0550649 -0.0628861 0.980855 0.184307 -0.044136 -0.187225 0.981325 
10.6414 3109.56 -779.167 1004.6 0.997044 0.0535772 0.0550649 -0.0628861 0.980855 0.184307 -0.044136 -0.187225 0.981325 
10.952 3109.56 -779.167 1004.6 0.997044 0.0535772 0.0550649 -0.0628861 0.980855 0.184307 -0.044136 -0.187225 0.981325 
11.2918 3109.56 -779.167 1004.6 0.997044 0.0535772 0.0550649 -0.0628861 0.980855 0.184307 -0.044136 -0.187225 0.981325 
11.6578 3109.56 -779.167 1004.6 0.997044 0.0535772 0.0550649 -0.0628861 0.980855 0.184307 -0.044136 -0.187225 0.981325 
12.0564 3109.56 -779.167 1004.6 0.997044 0.0535772 0.0550649 -0.0628861 0.980855 0.184307 -0.044136 -0.187225 0.981325 
12.4843 3109.56 -779.167 1004.6 0.997044 0.0535772 0.0550649 -0.0628861 0.980855 0.184307 -0.044136 -0.187225 0.981325 
12.9449 3109.56 -779.167 1004.6 0.997044 0.0535772 0.0550649 -0.0628861 0.980855 0.184307 -0.044136 -0.187225 0.981325 
13.4414 3109.56 -779.167 1004.6 0.997044 0.0535772 0.0550649 -0.0628861 0.980855 0.184307 -0.044136 -0.187225 0.981325 
13.9706 3109.56 -779.167 1004.6 0.997044 0.0535772 0.0550649 -0.0628861 0.980855 0.184307 -0.044136 -0.187225 0.981325 
14.5358 3109.56 -779.167 1004.6 0.997044 0.0535772 0.0550649 -0.0628861 0.980855 0.184307 -0.044136 -0.187225 0.981325 
15.137 3109.56 -779.167 1004.6 0.997044 0.0535772 0.0550649 -0.0628861 0.980855 0.184307 -0.044136 -0.187225 0.981325 
15.7774 3109.56 -779.167 1004.6 0.997044 0.0535772 0.0550649 -0.0628861 0.980855 0.184307 -0.044136 -0.187225 0.981325 
16.4539 3109.56 -779.167 1004.6 0.997044 0.0535772 0.0550649 -0.0628861 0.980855 0.184307 -0.044136 -0.187225 0.981325 
17.1729 3109.56 -779.167 1004.6 0.997044 0.0535772 0.0550649 -0.0628861 0.980855 0.184307 -0.044136 -0.187225 0.981325 
17.9344 3109.56 -779.167 1004.6 0.997044 0.0535772 0.0550649 -0.0628861 0.980855 0.184307 -0.044136 -0.187225 0.981325 
18.7352 3109.56 -779.167 1004.6 0.997044 0.0535772 0.0550649 -0.0628861 0.980855 0.184307 -0.044136 -0.187225 0.981325 
19.5819 3109.56 -779.167 1004.6 0.997044 0.0535772 0.0550649 -0.0628861 0.980855 0.184307 -0.044136 -0.187225 0.981325 
20.4711 3109.56 -779.167 1004.6 0.997044 0.0535772 0.0550649 -0.0628861 0.980855 0.184307 -0.044136 -0.187225 0.981325 
21.4061 3109.56 -779.167 1004.6 0.997044 0.0535772 0.0550649 -0.0628861 0.980855 0.184307 -0.044136 -0.187225 0.981325 
22.3869 3109.56 -779.167 1004.6 0.997044 0.0535772 0.0550649 -0.0628861 0.980855 0.184307 -0.044136 -0.187225 0.981325 
23.4169 3109.56 -779.167 1004.6 0.997044 0.0535772 0.0550649 -0.0628861 0.980855 0.184307 -0.044136 -0.187225 0.981325 
24.4927 3109.56 -779.167 1004.6 0.997044 0.0535772 0.0550649 -0.0628861 0.980855 0.184307 -0.044136 -0.187225 0.981325 
25.6208 3109.56 -779.167 1004.6 0.997044 0.0535772 0.0550649 -0.0628861 0.980855 0.184307 -0.044136 -0.187225 0.981325 
26.7947 3109.56 -779.167 1004.6 0.997044 0.0535772 0.0550649 -0.0628861 0.980855 0.184307 -0.044136 -0.187225 0.981325 
28.0243 3109.56 -779.167 1004.6 0.997044 0.0535772 0.0550649 -0.0628861 0.980855 0.184307 -0.044136 -0.187225 0.981325 
29.3062 3109.56 -779.167 1004.6 0.997044 0.0535772 0.0550649 -0.0628861 0.980855 0.184307 -0.044136 -0.187225 0.981325 
30.6404 3109.56 -779.167 1004.6 0.997044 0.0535772 0.0550649 -0.0628861 0.980855 0.184307 -0.044136 -0.187225 0.981325 
32.027 3109.56 -779.167 1004.6 0.997044 0.0535772 0.0550649 -0.0628861 0.980855 0.184307 -0.044136 -0.187225 0.981325 
33.4693 3109.56 -779.167 1004.6 0.997044 0.0535772 0.0550649 -0.0628861 0.980855 0.184307 -0.044136 -0.187225 0.981325 
32.8907 3104.01 -788.012 1005.32 0.999883 0.0146225 -0.00450301 -0.0143651 0.998508 0.0526913 0.00526677 -0.0526205 0.998601 
31.3926 3104.01 -788.012 1005.32 0.999883 0.0146225 -0.00450301 -0.0143651 0.998508 0.0526913 0.00526677 -0.0526205 0.998601 
29.8444 3104.01 -788.012 1005.32 0.999883 0.0146225 -0.00450301 -0.0143651 0.998508 0.0526913 0.00526677 -0.0526205 0.998601 
28.2476 3104.01 -788.012 1005.32 0.999883 0.0146225 -0.00450301 -0.0143651 0.998508 0.0526913 0.00526677 -0.0526205 0.998601 
26.6051 3104.01 -788.012 1005.32 0.999883 0.0146225 -0.00450301 -0.0143651 0.998508 0.0526913 0.00526677 -0.0526205 0.998601 
24.9164 3104.01 -788.012 1005.32 0.999883 0.0146225 -0.00450301 -0.0143651 0.998508 0.0526913 0.00526677 -0.0526205 0.998601 
23.1866 3104.01 -788.012 1005.32 0.999883 0.0146225 -0.00450301 -0.0143651 0.998508 0.0526913 0.00526677 -0.0526205 0.998601 
21.4211 3104.01 -788.012 1005.32 0.999883 0.0146225 -0.00450301 -0.0143651 0.998508 0.0526913 0.00526677 -0.0526205 0.998601 
19.6291 3104.01 -788.012 1005.32 0.999883 0.0146225 -0.00450301 -0.0143651 0.998508 0.0526913 0.00526677 -0.0526205 0.998601 
17.82 3104.01 -788.012 1005.32 0.999883 0.0146225 -0.00450301 -0.0143651 0.998508 0.0526913 0.00526677 -0.0526205 0.998601 
16.0107 3104.01 -788.012 1005.32 0.999883 0.0146225 -0.00450301 -0.0143651 0.998508 0.0526913 0.00526677 -0.0526205 0.998601 
14.2363 3104.01 -788.012 1005.32 0.999883 0.0146225 -0.00450301 -0.0143651 0.998508 0.0526913 0.00526677 -0.0526205 0.998601 
12.5398 3104.01 -788.012 1005.32 0.999883 0.0146225 -0.00450301 -0.0143651 0.998508 0.0526913 0.00526677 -0.0526205 0.998601 
10.9995 3104.01 -788.012 1005.32 0.999883 0.0146225 -0.00450301 -0.0143651 0.998508 0.0526913 0.00526677 -0.0526205 0.998601 
9.73911 3104.01 -788.012 1005.32 0.999883 0.0146225 -0.00450301 -0.0143651 0.998508 0.0526913 0.00526677 -0.0526205 0.998601 
8.93309 3104.01 -788.012 1005.32 0.999883 0.0146225 -0.00450301 -0.0143651 0.998508 0.0526913 0.00526677 -0.0526205 0.998601 
8.76813 3104.01 -788.012 1005.32 0.999883 0.0146225 -0.00450301 -0.0143651 0.998508 0.0526913 0.00526677 -0.0526205 0.998601 
9.33539 3104.01 -788.012 1005.32 0.999883 0.0146225 -0.00450301 -0.0143651 0.998508 0.0526913 0.00526677 -0.0526205 0.998601 
10.5707 3104.01 -788.012 1005.32 0.999883 0.0146225 -0.00450301 -0.0143651 0.998508 0.0526913 0.00526677 -0.0526205 0.998601 
12.323 3104.01 -788.012 1005.32 0.999883 0.0146225 -0.00450301 -0.0143651 0.998508 0.0526913 0.00526677 -0.0526205 0.998601 
14.4449 3104.01 -788.012 1005.32 0.999883 0.0146225 -0.00450301 -0.0143651 0.998508 0.0526913 0.00526677 -0.0526205 0.998601 
16.8358 3104.01 -788.012 1005.32 0.999883 0.0146225 -0.00450301 -0.0143651 0.998508 0.0526913 0.00526677 -0.0526205 0.998601 
19.4303 3104.01 -788.012 1005.32 0.999883 0.0146225 -0.00450301 -0.0143651 0.998508 0.0526913 0.00526677 -0.0526205 0.998601 
22.1869 3104.01 -788.012 1005.32 0.999883 0.0146225 -0.00450301 -0.0143651 0.998508 0.0526913 0.00526677 -0.0526205 0.998601 
25.0825 3104.01 -788.012 1005.32 0.999883 0.0146225 -0.00450301 -0.0143651 0.998508 0.0526913 0.00526677 -0.0526205 0.998601 
28.1004 3104.01 -788.012 1005.32 0.999883 0.0146225 -0.00450301 -0.0143651 0.998508 0.0526913 0.00526677 -0.0526205 0.998601 
31.2293 3104.01 -788.012 1005.32 0.999883 0.0146225 -0.00450301 -0.0143651 0.998508 0.0526913 0.00526677 -0.0526205 0.998601 
34.4611 3104.01 -788.012 1005.32 0.999883 0.0146225 -0.00450301 -0.0143651 0.998508 0.0526913 0.00526677 -0.0526205 0.998601 
37.7936 3104.01 -788.012 1005.32 0.999883 0.0146225 -0.00450301 -0.0143651 0.998508 0.0526913 0.00526677 -0.0526205 0.998601 
36.7861 3102.47 -788.277 1002.84 0.995722 0.083487 0.0396019 -0.0907933 0.963621 0.251378 -0.0171744 -0.253898 0.967078 
35.1658 3102.47 -788.277 1002.84 0.995722 0.083487 0.0396019 -0.0907933 0.963621 0.251378 -0.0171744 -0.253898 0.967078 
33.8267 3102.47 -788.277 1002.84 0.995722 0.083487 0.0396019 -0.0907933 0.963621 0.251378 -0.0171744 -0.253898 0.967078 
32.8307 3102.47 -788.277 1002.84 0.995722 0.083487 0.0396019 -0.0907933 0.963621 0.251378 -0.0171744 -0.253898 0.967078 
32.2382 3102.47 -788.277 1002.84 0.995722 0.083487 0.0396019 -0.0907933 0.963621 0.251378 -0.0171744 -0.253898 0.967078 
32.1024 3102.47 -788.277 1002.84 0.995722 0.083487 0.0396019 -0.0907933 0.963621 0.251378 -0.0171744 -0.253898 0.967078 
32.46 3102.47 -788.277 1002.84 0.995722 0.083487 0.0396019 -0.0907933 0.963621 0.251378 -0.0171744 -0.253898 0.967078 
33.3268 3102.47 -788.277 1002.84 0.995722 0.083487 0.0396019 -0.0907933 0.963621 0.251378 -0.0171744 -0.253898 0.967078 
34.6945 3102.47 -788.277 1002.84 0.995722 0.083487 0.0396019 -0.0907933 0.963621 0.251378 -0.0171744 -0.253898 0.967078 
36.5381 3102.47 -788.277 1002.84 0.995722 0.083487 0.0396019 -0.0907933 0.963621 0.251378 -0.0171744 -0.253898 0.967078 
38.8191 3102.47 -788.277 1002.84 0.995722 0.083487 0.0396019 -0.0907933 0.963621 0.251378 -0.0171744 -0.253898 0.967078 
41.4932 3102.47 -788.277 1002.84 0.995722 0.083487 0.0396019 -0.0907933 0.963621 0.251378 -0.0171744 -0.253898 0.967078 
44.5184 3102.47 -788.277 1002.84 0.995722 0.083487 0.0396019 -0.0907933 0.963621 0.251378 -0.0171744 -0.253898 0.967078 
47.8525 3102.47 -788.277 1002.84 0.995722 0.083487 0.0396019 -0.0907933 0.963621 0.251378 -0.0171744 -0.253898 0.967078 
49.3522 3101.18 -785.079 994.639 0.987284 0.127903 0.0944025 -0.156321 0.889054 0.430287 -0.028894 -0.439572 0.897743 
48.8061 3101.18 -785.079 994.639 0.987284 0.127903 0.0944025 -0.156321 0.889054 0.430287 -0.028894 -0.439572 0.897743 
48.7373 3101.18 -785.079 994.639 0.987284 0.127903 0.0944025 -0.156321 0.889054 0.430287 -0.028894 -0.439572 0.897743 
48.9706 3115.85 -787.259 1001.73 0.969696 -0.195882 -0.146013 0.0906925 0.843546 -0.529344 0.226858 0.500061 0.835748 
44.2076 3115.85 -787.259 1001.73 0.969696 -0.195882 -0.146013 0.0906925 0.843546 -0.529344 0.226858 0.500061 0.835748 
39.4487 3115.85 -787.259 1001.73 0.969696 -0.195882 -0.146013 0.0906925 0.843546 -0.529344 0.226858 0.500061 0.835748 
34.735 3115.85 -787.259 1001.73 0.969696 -0.195882 -0.146013 0.0906925 0.843546 -0.529344 0.226858 0.500061 0.835748 
30.1372 3115.85 -787.259 1001.73 0.969696 -0.195882 -0.146013 0.0906925 0.843546 -0.529344 0.226858 0.500061 0.835748 
25.7783 3115.85 -787.259 1001.73 0.969696 -0.195882 -0.146013 0.0906925 0.843546 -0.529344 0.226858 0.500061 0.835748 
21.8716 3115.85 -787.259 1001.73 0.969696 -0.195882 -0.146013 0.0906925 0.843546 -0.529344 0.226858 0.500061 0.835748 
18.7911 3115.85 -787.259 1001.73 0.969696 -0.195882 -0.146013 0.0906925 0.843546 -0.529344 0.226858 0.500061 0.835748 
16.6545 3115.83 -787.244 1001.83 0.967909 -0.202651 -0.148612 0.0915892 0.835161 -0.542325 0.234018 0.51131 0.826921 
14.3418 3115.83 -787.244 1001.83 0.967909 -0.202651 -0.148612 0.0915892 0.835161 -0.542325 0.234018 0.51131 0.826921 
11.9858 3116.03 -787.153 1001.27 0.966454 -0.207204 -0.15177 0.0918178 0.830584 -0.549273 0.239869 0.516911 0.821745 
9.623 3116.03 -787.153 1001.27 0.966454 -0.207204 -0.15177 0.0918178 0.830584 -0.549273 0.239869 0.516911 0.821745 
10.7994 3116.03 -787.153 1001.27 0.966454 -0.207204 -0.15177 0.0918178 0.830584 -0.549273 0.239869 0.516911 0.821745 
7.89683 3102.83 -779.488 1015.56 0.772942 -0.267023 0.575552 -0.523376 -0.781124 0.340475 0.358662 -0.564398 -0.743517 
8.06739 3102.83 -779.488 1015.56 0.772942 -0.267023 0.575552 -0.523376 -0.781124 0.340475 0.358662 -0.564398 -0.743517 
11.6215 3105.09 -779.484 1015.84 0.790246 -0.198648 0.579698 -0.535763 -0.683145 0.496256 0.297438 -0.702746 -0.646281 
11.986 3104.32 -778.035 1012.97 0.855633 -0.516712 -0.0299946 0.00246281 0.0620153 -0.998072 0.517576 0.85391 0.054335 
5.79238 3104.32 -778.035 1012.97 0.855633 -0.516712 -0.0299946 0.00246281 0.0620153 -0.998072 0.517576 0.85391 0.054335 
3.63622 3104.32 -778.035 1012.97 0.855633 -0.516712 -0.0299946 0.00246281 0.0620153 -0.998072 0.517576 0.85391 0.054335 
9.32283 3104.32 -778.035 1012.97 0.855633 -0.516712 -0.0299946 0.00246281 0.0620153 -0.998072 0.517576 0.85391 0.054335 
16.094 3104.32 -778.035 1012.97 0.855633 -0.516712 -0.0299946 0.00246281 0.0620153 -0.998072 0.517576 0.85391 0.054335 
23.1053 3104.32 -778.035 1012.97 0.855633 -0.516712 -0.0299946 0.00246281 0.0620153 -0.998072 0.517576 0.85391 0.054335 
29.0235 3106.24 -777.915 1012.71 0.997427 0.0611572 -0.0374093 -0.0506824 0.970578 0.235392 0.0507046 -0.232891 0.97118 
22.9731 3106.24 -777.915 1012.71 0.997427 0.0611572 -0.0374093 -0.0506824 0.970578 0.235392 0.0507046 -0.232891 0.97118 
17.8311 3106.24 -777.915 1012.71 0.997427 0.0611572 -0.0374093 -0.0506824 0.970578 0.235392 0.0507046 -0.232891 0.97118 
14.7525 3106.24 -777.915 1012.71 0.997427 0.0611572 -0.0374093 -0.0506824 0.970578 0.235392 0.0507046 -0.232891 0.97118 
15.2238 3106.24 -777.915 1012.71 0.997427 0.0611572 -0.0374093 -0.0506824 0.970578 0.235392 0.0507046 -0.232891 0.97118 
19.1111 3106.24 -777.915 1012.71 0.997427 0.0611572 -0.0374093 -0.0506824 0.970578 0.235392 0.0507046 -0.232891 0.97118 
16.5885 3105.47 -776.803 1011.27 0.902207 -0.403796 -0.151564 0.0481208 0.443456 -0.895003 0.428611 0.800185 0.41952 
9.03427 3105.47 -776.803 1011.27 0.902207 -0.403796 -0.151564 0.0481208 0.443456 -0.895003 0.428611 0.800185 0.41952 
3.87056 3105.47 -776.803 1011.27 0.902207 -0.403796 -0.151564 0.0481208 0.443456 -0.895003 0.428611 0.800185 0.41952 
8.97349 3105.47 -776.803 1011.27 0.902207 -0.403796 -0.151564 0.0481208 0.443456 -0.895003 0.428611 0.800185 0.41952 
8.95281 3103.42 -779.271 1001.93 0.950928 -0.237221 -0.198648 0.0707362 0.791693 -0.60681 0.301217 0.562981 0.769624 
8.63991 3103.42 -779.271 1001.93 0.950928 -0.237221 -0.198648 0.0707362 0.791693 -0.60681 0.301217 0.562981 0.769624 
10.0776 3107.34 -776.815 1010.22 0.929294 -0.31221 -0.197325 0.0612774 0.657189 -0.751231 0.364222 0.686023 0.629854 
2.00608 3107.34 -776.815 1010.22 0.929294 -0.31221 -0.197325 0.0612774 0.657189 -0.751231 0.364222 0.686023 0.629854 
7.56803 3107.34 -776.815 1010.22 0.929294 -0.31221 -0.197325 0.0612774 0.657189 -0.751231 0.364222 0.686023 0.629854 
16.3454 3107.34 -776.815 1010.22 0.929294 -0.31221 -0.197325 0.0612774 0.657189 -0.751231 0.364222 0.686023 0.629854 
8.95222 3102.88 -775.288 1013.45 0.982692 0.147129 0.11256 -0.184419 0.71961 0.669441 0.0174946 -0.678612 0.734288 
6.15342 3102.88 -775.288 1013.45 0.982692 0.147129 0.11256 -0.184419 0.71961 0.669441 0.0174946 -0.678612 0.734288 
9.21496 3102.57 -775.78 1014.49 0.962686 0.151955 0.223931 -0.270033 0.484911 0.831832 0.017814 -0.861262 0.507849 
13.8015 3102.57 -775.78 1014.49 0.962686 0.151955 0.223931 -0.270033 0.484911 0.831832 0.017814 -0.861262 0.507849 
21.7723 3102.57 -775.78 1014.49 0.962686 0.151955 0.223931 -0.270033 0.484911 0.831832 0.017814 -0.861262 0.507849 
30.6948 3102.57 -775.78 1014.49 0.962686 0.151955 0.223931 -0.270033 0.484911 0.831832 0.017814 -0.861262 0.507849 
35.2877 3105.84 -780.07 1014.1 0.901024 -0.380111 -0.208976 0.0139629 0.506934 -0.861872 0.433544 0.77365 0.462067 
25.6272 3105.84 -780.07 1014.1 0.901024 -0.380111 -0.208976 0.0139629 0.506934 -0.861872 0.433544 0.77365 0.462067 
15.9936 3105.84 -780.07 1014.1 0.901024 -0.380111 -0.208976 0.0139629 0.506934 -0.861872 0.433544 0.77365 0.462067 
7.02234 3105.84 -780.07 1014.1 0.901024 -0.380111 -0.208976 0.0139629 0.506934 -0.861872 0.433544 0.77365 0.462067 
6.65903 3105.84 -780.07 1014.1 0.901024 -0.380111 -0.208976 0.0139629 0.506934 -0.861872 0.433544 0.77365 0.462067 
15.7488 3105.84 -780.07 1014.1 0.901024 -0.380111 -0.208976 0.0139629 0.506934 -0.861872 0.433544 0.77365 0.462067 
25.835 3105.84 -780.07 1014.1 0.901024 -0.380111 -0.208976 0.0139629 0.506934 -0.861872 0.433544 0.77365 0.462067 
29.0264 3109.96 -777.579 1016.4 0.988297 0.141364 0.0573232 -0.144018 0.7408 0.656105 0.050285 -0.656682 0.752489 
21.2262 3109.96 -777.579 1016.4 0.988297 0.141364 0.0573232 -0.144018 0.7408 0.656105 0.050285 -0.656682 0.752489 
16.8164 3109.96 -777.579 1016.4 0.988297 0.141364 0.0573232 -0.144018 0.7408 0.656105 0.050285 -0.656682 0.752489 
18.6205 3109.96 -777.579 1016.4 0.988297 0.141364 0.0573232 -0.144018 0.7408 0.656105 0.050285 -0.656682 0.752489 
25.4976 3109.96 -777.579 1016.4 0.988297 0.141364 0.0573232 -0.144018 0.7408 0.656105 0.050285 -0.656682 0.752489 
34.6509 3109.96 -777.579 1016.4 0.988297 0.141364 0.0573232 -0.144018 0.7408 0.656105 0.050285 -0.656682 0.752489 
44.7965 3109.96 -777.579 1016.4 0.988297 0.141364 0.0573232 -0.144018 0.7408 0.656105 0.050285 -0.656682 0.752489 
48.5421 3101.3 -776.822 997.018 0.850924 -0.500353 -0.159923 -0.0929717 0.156184 -0.983343 0.516996 0.851618 0.086382 
43.942 3101.3 -776.822 997.018 0.850924 -0.500353 -0.159923 -0.0929717 0.156184 -0.983343 0.516996 0.851618 0.086382 
42.0124 3101.3 -776.822 997.018 0.850924 -0.500353 -0.159923 -0.0929717 0.156184 -0.983343 0.516996 0.851618 0.086382 
43.2101 3101.3 -776.822 997.018 0.850924 -0.500353 -0.159923 -0.0929717 0.156184 -0.983343 0.516996 0.851618 0.086382 
47.3868 3101.3 -776.822 997.018 0.850924 -0.500353 -0.159923 -0.0929717 0.156184 -0.983343 0.516996 0.851618 0.086382 
53.9339 3101.3 -776.822 997.018 0.850924 -0.500353 -0.159923 -0.0929717 0.156184 -0.983343 0.516996 0.851618 0.086382 
62.1767 3101.3 -776.822 997.018 0.850924 -0.500353 -0.159923 -0.0929717 0.156184 -0.983343 0.516996 0.851618 0.086382 
65.7231 3108.33 -781.158 1003.07 0.956249 -0.0751992 -0.282725 0.00178744 0.967884 -0.251392 0.29255 0.239888 0.925672 
56.255 3108.33 -781.158 1003.07 0.956249 -0.0751992 -0.282725 0.00178744 0.967884 -0.251392 0.29255 0.239888 0.925672 
48.0179 3108.33 -781.158 1003.07 0.956249 -0.0751992 -0.282725 0.00178744 0.967884 -0.251392 0.29255 0.239888 0.925672 
41.8495 3108.33 -781.158 1003.07 0.956249 -0.0751992 -0.282725 0.00178744 0.967884 -0.251392 0.29255 0.239888 0.925672 
38.8731 3108.33 -781.158 1003.07 0.956249 -0.0751992 -0.282725 0.00178744 0.967884 -0.251392 0.29255 0.239888 0.925672 
39.4643 3103.4 -779.111 998.867 0.985275 0.103882 -0.135803 -0.0472226 0.928705 0.367801 0.164328 -0.355972 0.919935 
32.0955 3107.97 -782.31 1016.45 0.989101 0.134788 -0.0592562 -0.0761652 0.812811 0.577526 0.126008 -0.566719 0.814219 
19.4385 3107.97 -782.31 1016.45 0.989101 0.134788 -0.0592562 -0.0761652 0.812811 0.577526 0.126008 -0.566719 0.814219 
7.96561 3107.97 -782.31 1016.45 0.989101 0.134788 -0.0592562 -0.0761652 0.812811 0.577526 0.126008 -0.566719 0.814219 
9.83615 3107.97 -782.31 1016.45 0.989101 0.134788 -0.0592562 -0.0761652 0.812811 0.577526 0.126008 -0.566719 0.814219 
6.14327 3109.92 -779.521 998.836 0.913864 -0.239069 -0.328176 -0.0175959 0.784194 -0.620267 0.40564 0.572614 0.71244 
8.56706 3111.45 -788.749 1003.63 0.872494 -0.388961 -0.295743 -0.0839261 0.476969 -0.874904 0.481364 0.788169 0.383509 
8.53814 3107.64 -782.111 1016.36 0.988305 0.152465 -0.00266458 -0.104032 0.686923 0.719246 0.11149 -0.710557 0.694751 
6.47182 3107.64 -782.111 1016.36 0.988305 0.152465 -0.00266458 -0.104032 0.686923 0.719246 0.11149 -0.710557 0.694751 
11.244 3101.04 -780.744 1016.02 0.97185 0.0545596 -0.229197 -0.011989 0.983009 0.183166 0.235296 -0.175262 0.955991 
7.4566 3109.59 -779.25 999.594 0.976007 0.0696032 -0.206316 -0.0154526 0.967284 0.253225 0.217191 -0.243961 0.945151 
19.4459 3109.59 -779.25 999.594 0.976007 0.0696032 -0.206316 -0.0154526 0.967284 0.253225 0.217191 -0.243961 0.945151 
18.5014 3107.6 -786.68 1003.9 0.820138 -0.536762 0.198143 -0.420959 -0.800605 -0.42641 0.387515 0.266305 -0.882561 
7.79815 3110.17 -785.759 1013.21 0.821525 -0.54889 -0.154328 -0.249354 -0.102454 -0.962978 0.512757 0.829592 -0.221036 
8.49034 3104.35 -785.115 1006.8 0.834294 -0.467936 0.29153 -0.454176 -0.883101 -0.117719 0.312535 -0.0341938 -0.949291 
6.07453 3103.17 -781.71 1015.9 0.986927 0.150336 -0.058092 -0.0711893 0.73 0.679729 0.144595 -0.666707 0.731159 
13.3077 3116.77 -779.728 1005.11 0.811406 -0.582026 -0.0535312 -0.329161 -0.379354 -0.864722 0.482983 0.719261 -0.499391 
4.09277 3107.39 -783.458 1014.87 0.858151 -0.38343 -0.341405 -0.121785 0.49398 -0.860902 0.498743 0.780362 0.377214 
10.001 3116.99 -779.594 1003.73 0.812871 -0.582042 0.021611 -0.370977 -0.545992 -0.751178 0.449017 0.602594 -0.659746 
12.318 3116.83 -779.543 1004.54 0.814337 -0.576422 0.067778 -0.401713 -0.644066 -0.651003 0.418906 0.502909 -0.756043 
8.00385 3116.83 -779.543 1004.54 0.814337 -0.576422 0.067778 -0.401713 -0.644066 -0.651003 0.418906 0.502909 -0.756043 
21.1719 3116.83 -779.543 1004.54 0.814337 -0.576422 0.067778 -0.401713 -0.644066 -0.651003 0.418906 0.502909 -0.756043 
28.4045 3099.9 -783.986 1014.98 0.955946 0.0628789 -0.286728 -0.00530962 0.980332 0.197282 0.293494 -0.187069 0.937479 
23.7115 3099.9 -783.986 1014.98 0.955946 0.0628789 -0.286728 -0.00530962 0.980332 0.197282 0.293494 -0.187069 0.937479 
16.8641 3103.94 -780.001 1008.51 0.972232 0.116463 -0.202981 -0.00898074 0.8853 0.464934 0.233847 -0.450201 0.861763 
5.34256 3103.94 -780.001 1008.51 0.972232 0.116463 -0.202981 -0.00898074 0.8853 0.464934 0.233847 -0.450201 0.861763 
16.7702 3103.94 -780.001 1008.51 0.972232 0.116463 -0.202981 -0.00898074 0.8853 0.464934 0.233847 -0.450201 0.861763 
19.8123 3098.89 -786.248 1011.13 0.916877 -0.0661613 -0.393649 -0.020431 0.977097 -0.21181 0.398647 0.202246 0.894526 
23.6673 3103.08 -778.577 1010.02 0.918097 -0.0659917 -0.390823 -0.00385978 0.984507 -0.175304 0.396337 0.162455 0.903618 
14.0303 3098.94 -777.158 1015.03 0.985582 0.150638 -0.07705 -0.0372744 0.637494 0.769553 0.165043 -0.755586 0.633917 
16.8381 3098.94 -777.158 1015.03 0.985582 0.150638 -0.07705 -0.0372744 0.637494 0.769553 0.165043 -0.755586 0.633917 
11.5518 3104.38 -779.15 1003.21 0.821054 -0.447599 -0.354295 -0.230857 0.307275 -0.923194 0.522087 0.839784 0.148958 
8.73813 3104.38 -779.15 1003.21 0.821054 -0.447599 -0.354295 -0.230857 0.307275 -0.923194 0.522087 0.839784 0.148958 
10.0619 3103.59 -778.438 1011.81 0.884195 -0.150501 -0.442208 -0.0483895 0.91207 -0.407168 0.464604 0.381414 0.799166 
5.46647 3107.26 -779.983 995.806 0.905691 -0.064183 -0.419052 -0.0186182 0.981497 -0.190568 0.423529 0.180398 0.887739 
14.0742 3106.32 -781.218 993.668 0.887131 -0.127335 -0.443604 -0.0417997 0.935066 -0.352001 0.459621 0.330813 0.824203 
22.5131 3105.3 -779.22 996.95 0.863097 -0.196466 -0.465258 -0.0900502 0.846604 -0.52455 0.496945 0.494634 0.71301 
11.5854 3105.3 -779.22 996.95 0.863097 -0.196466 -0.465258 -0.0900502 0.846604 -0.52455 0.496945 0.494634 0.71301 
7.21388 3102.65 -775.364 1014.38 0.989369 0.143464 -0.0238291 -0.0399339 0.425555 0.904051 0.13984 -0.893488 0.42676 
8.29493 3103.09 -775.28 1014.39 0.986205 0.149382 -0.0713034 -0.0174571 0.522228 0.852627 0.164604 -0.83962 0.517632 
14.9935 3103.69 -775.216 1014.19 0.967092 0.135498 -0.215343 0.0270626 0.786805 0.616607 0.252982 -0.602144 0.757247 
19.8745 3097.84 -776.731 1006.57 0.947413 0.107697 -0.301347 0.0260147 0.912634 0.407949 0.318954 -0.394335 0.86184 
32.9894 3097.84 -776.731 1006.57 0.947413 0.107697 -0.301347 0.0260147 0.912634 0.407949 0.318954 -0.394335 0.86184 
29.2668 3103.36 -776.203 1015.17 0.938161 0.0853857 -0.335504 0.042862 0.933005 0.357303 0.343536 -0.349588 0.871649 
17.6067 3102.45 -778.255 1006.84 0.835952 -0.218544 -0.503411 -0.121454 0.820873 -0.558047 0.535195 0.527642 0.659667 
6.83059 3102.45 -778.255 1006.84 0.835952 -0.218544 -0.503411 -0.121454 0.820873 -0.558047 0.535195 0.527642 0.659667 
21.5443 3102.45 -778.255 1006.84 0.835952 -0.218544 -0.503411 -0.121454 0.820873 -0.558047 0.535195 0.527642 0.659667 
13.9394 3109.84 -777.458 1005.57 0.788797 -0.579685 -0.204364 -0.452065 -0.321863 -0.83189 0.416457 0.748579 -0.51594 
18.1581 3107.77 -778.091 1006.91 0.847929 -0.523559 0.0830868 -0.490464 -0.83429 -0.251804 0.201153 0.17276 -0.964205 
9.34024 3106.29 -778.72 1013.37 0.781674 -0.560504 -0.273534 -0.435217 -0.176061 -0.882943 0.446735 0.809221 -0.381563 
10.7914 3106.29 -778.72 1013.37 0.781674 -0.560504 -0.273534 -0.435217 -0.176061 -0.882943 0.446735 0.809221 -0.381563 
20.0172 3102.17 -776.928 1006.4 0.813314 -0.576423 -0.0791 -0.503289 -0.628786 -0.59273 0.291926 0.521886 -0.801508 
14.2637 3102.17 -776.928 1006.4 0.813314 -0.576423 -0.0791 -0.503289 -0.628786 -0.59273 0.291926 0.521886 -0.801508 
27.455 3102.17 -776.928 1006.4 0.813314 -0.576423 -0.0791 -0.503289 -0.628786 -0.59273 0.291926 0.521886 -0.801508 
21.769 3105 -781.645 1007.43 0.852873 -0.0520266 -0.51952 -0.0272839 0.989223 -0.143855 0.521406 0.136865 0.842261 
11.2168 3105 -781.645 1007.43 0.852873 -0.0520266 -0.51952 -0.0272839 0.989223 -0.143855 0.521406 0.136865 0.842261 
21.8702 3111.1 -777.727 1010.08 0.8875 0.0438909 -0.458712 0.0271199 0.988753 0.147078 0.460008 -0.142972 0.876329 
27.0965 3107.76 -780.501 1007.41 0.826318 -0.10401 -0.553516 -0.0653987 0.958431 -0.277727 0.559393 0.26569 0.785167 
17.1628 3107.76 -780.501 1007.41 0.826318 -0.10401 -0.553516 -0.0653987 0.958431 -0.277727 0.559393 0.26569 0.785167 
12.0999 3108.07 -780.291 1007.32 0.813244 -0.126549 -0.567996 -0.0948675 0.934179 -0.343963 0.574138 0.33361 0.747709 
8.28389 3108.07 -780.291 1007.32 0.813244 -0.126549 -0.567996 -0.0948675 0.934179 -0.343963 0.574138 0.33361 0.747709 
6.83215 3110.28 -777.866 999.26 0.755333 -0.533977 -0.379922 -0.466848 -0.0315742 -0.883774 0.459919 0.844909 -0.273135 
19.2963 3110.21 -777.128 999.246 0.757333 -0.563224 -0.330494 -0.506831 -0.187816 -0.841337 0.411788 0.804676 -0.427698 
17.9486 3110.21 -777.128 999.246 0.757333 -0.563224 -0.330494 -0.506831 -0.187816 -0.841337 0.411788 0.804676 -0.427698 
11.2654 3105.21 -788.15 1001.77 0.766137 -0.578541 -0.279864 -0.540388 -0.344197 -0.767795 0.347873 0.739471 -0.576339 
10.9439 3105.21 -788.15 1001.77 0.766137 -0.578541 -0.279864 -0.540388 -0.344197 -0.767795 0.347873 0.739471 -0.576339 
29.6953 3102.6 -785.202 1012.54 0.974396 -0.192141 0.116762 -0.217461 -0.673449 0.706525 -0.0571193 -0.713827 -0.697989 
9.51464 3102.6 -785.202 1012.54 0.974396 -0.192141 0.116762 -0.217461 -0.673449 0.706525 -0.0571193 -0.713827 -0.697989 
10.4883 3110.57 -777.942 997.194 0.731917 -0.383204 -0.563429 -0.353783 0.492977 -0.794865 0.582353 0.781107 0.225247 
25.5664 3110.57 -777.942 997.194 0.731917 -0.383204 -0.563429 -0.353783 0.492977 -0.794865 0.582353 0.781107 0.225247 
14.3348 3109.23 -780.511 997.444 0.841541 0.035293 -0.539038 0.0449702 0.989823 0.135015 0.538318 -0.137861 0.83139 
7.66694 3111 -780.092 998.537 0.896174 0.125885 -0.425471 0.121594 0.852522 0.508351 0.426717 -0.507305 0.748701 
6.3148 3111.41 -779.943 999.436 0.82139 0.0159713 -0.570143 0.0165782 0.998517 0.0518549 0.570126 -0.052045 0.819907 
11.3553 3111.07 -779.089 999.281 0.916998 0.145 -0.371605 0.147707 0.741937 0.653997 0.370537 -0.654602 0.658937 
15.0147 3107.8 -779.795 1001.27 0.721332 -0.54266 -0.430349 -0.554129 -0.0794441 -0.828631 0.415476 0.836187 -0.358009 
7.91591 3107.8 -779.795 1001.27 0.721332 -0.54266 -0.430349 -0.554129 -0.0794441 -0.828631 0.415476 0.836187 -0.358009 
20.5862 3108.09 -788.265 1005.96 0.697441 -0.424189 -0.577616 -0.434639 0.390468 -0.811556 0.569794 0.817067 0.0879595 
37.2323 3107.32 -788.207 1004.29 0.705512 -0.280803 -0.650694 -0.282618 0.730511 -0.621675 0.649908 0.622497 0.436025 
28.2536 3104.89 -774.81 1009.65 0.716622 -0.569526 -0.402607 -0.592232 -0.191988 -0.782561 0.368394 0.799237 -0.474874 
14.6832 3116.3 -784.542 1007.6 0.684026 -0.433191 -0.586902 -0.469476 0.354357 -0.808717 0.558302 0.82872 0.0390168 
14.149 3116.3 -784.542 1007.6 0.684026 -0.433191 -0.586902 -0.469476 0.354357 -0.808717 0.558302 0.82872 0.0390168 
